	X	Y	Label	avgX	avgY
18	2149	-120	I6	1205.9	901.3
41	2117	-98	I6	1212.9	940
64	2179	-118	I6	1229	898.6
110	2130	-105	I6	1172.7	939
128	2069	-94	I6	1136.9	899.5
133	2114	-403	I6	1165.4	779.1
142	2038	-448	I6	1119.7	606.1
147	1972	-423	I6	1115.6	570.5
151	2035	-424	I6	1118	487.2
152	1586	-91	I6	1072.8	522.9
156	2119	-708	I6	1157.2	445.6
160	1822	-217	I6	1140	413.1
161	1726	-302	I6	1109.1	425.3
165	2014	-630	I6	1099.8	363.1
170	2101	-500	I6	1138.1	419.5
174	2100	-380	I6	1167	434.5
179	2120	-621	I6	1199	487.2
184	1736	-170	I6	1116.5	538.5
188	2024	-553	I6	1097	492.8
193	2073	-526	I6	1122.5	504.5
197	2073	-426	I6	1139.9	447.5
202	2124	-638	I6	1170.9	453.4
206	1823	-112	I6	1136	491.1
207	1711	-197	I6	1099.8	514
211	1997	-576	I6	1090.4	471.2
216	2089	-512	I6	1128	474.9
220	2160	-451	I6	1175.1	431
225	2116	-654	I6	1211.8	459.2
230	1698	-130	I6	1114.4	533.4
234	1985	-548	I6	1088.3	497
239	2033	-544	I6	1104.5	488.8
243	2127	-491	I6	1144.5	411.6
244	1658	-103	I6	1111.8	456.1
248	2092	-615	I6	1196.6	420.8
252	1851	-153	I6	1161.5	452.2
253	1737	-222	I6	1122.5	479.1
257	2026	-602	I6	1105.8	441.3
262	2049	-473	I6	1137.4	467.2
266	2089	-404	I6	1154.7	448
271	2076	-607	I6	1159.7	494.2
280	2042	-245	I6	1090.3	604.9
294	2123	-119	I6	1208.6	946.8
335	2073	-207	I6	1149.5	864.1
340	2150	-717	I6	1184	616.7
344	1903	-330	I6	1179.2	435.4
345	1775	-421	I6	1149.4	414
349	2032	-825	I6	1135.7	274.2
350	1281	-196	I6	1048.8	326.3
353	1830	-202	I6	1126.9	287.3
354	2022	-759	I6	1138.8	244.4
358	2082	-724	I6	1155.2	169.5
359	1660	-331	I6	1118	218.9
363	2148	-844	I6	1195.9	193.9
367	1918	-255	I6	1173.6	290.1
368	1780	-300	I6	1143.4	332.5
372	2063	-713	I6	1124.9	353.3
376	1859	-152	I6	1118.6	405.1
377	2044	-660	I6	1131.2	364.6
381	2121	-639	I6	1158.4	290.1
382	1622	-200	I6	1114.3	341.4
386	2132	-742	I6	1202	306.3
390	1956	-299	I6	1184	346.8
391	1783	-278	I6	1150.2	382.9
395	2092	-719	I6	1159.8	360
399	1838	-158	I6	1158.4	387.8
400	1971	-618	I6	1159.9	355.9
404	2090	-649	I6	1153.9	282.3
405	1589	-187	I6	1103.6	335.5
409	2148	-739	I6	1190	308.1
413	1899	-258	I6	1182.2	346.5
414	1749	-246	I6	1148.1	386.8
418	2043	-680	I6	1141.8	371.3
423	2035	-583	I6	1145.5	391.5
427	2154	-634	I6	1170.5	321.6
428	1649	-210	I6	1131.1	368.6
432	2120	-612	I6	1209.4	340.3
487	2141	-102	I6	1179.5	1015.5
492	2009	-108	I6	1202.7	913.6
496	2085	-293	I6	1206.8	728
501	2148	-442	I6	1220.3	648.3
505	1995	-146	I6	1195.8	611.8
506	1783	-150	I6	1165.6	626.1
510	2058	-704	I6	1164.7	500.1
514	1850	-257	I6	1147.7	411.8
515	1963	-657	I6	1144.5	360.7
519	2129	-800	I6	1148.8	222.9
520	1559	-282	I6	1098.9	265.1
524	2099	-782	I6	1180.9	232.9
528	1947	-364	I6	1156.8	279.2
529	1694	-253	I6	1113.3	333.9
533	2099	-791	I6	1126	337.9
537	1887	-254	I6	1129.3	365.7
538	1964	-612	I6	1131	340.9
542	2122	-746	I6	1169.8	233.7
543	1547	-196	I6	1114.6	293.2
547	2130	-735	I6	1222.3	264.8
551	2008	-367	I6	1197.3	316.3
552	1749	-255	I6	1160	365.4
556	2148	-790	I6	1175.2	349.5
560	1945	-279	I6	1185.8	357.5
561	2014	-600	I6	1186.4	334.2
565	2155	-777	I6	1214.5	235.5
566	1543	-217	I6	1154	292.8
570	2116	-707	I6	1235.7	270.2
574	1972	-389	I6	1181.3	311.2
575	1695	-216	I6	1135.3	367.3
579	2062	-793	I6	1133	354.5
583	1861	-297	I6	1118.6	359.5
584	1911	-591	I6	1112.5	339.3
588	2130	-812	I6	1137.7	225.7
589	1489	-240	I6	1080.4	281
593	2020	-769	I6	1166	231.1
597	1793	-481	I6	1078.4	248.9
598	1501	-311	I6	1015.5	299
602	2005	-911	I6	998.4	268.4
603	1002	-116	I6	896.6	333.7
606	1712	-351	I6	981.1	270
607	1765	-624	I6	978.3	255.7
611	1877	-816	I6	982.2	173.1
612	1225	-234	I6	904.2	240.8
616	1971	-812	I6	1001.1	211.3
620	1898	-510	I6	991.9	229.5
621	1589	-308	I6	963.1	280.3
625	2021	-853	I6	1036.2	265.4
629	1761	-293	I6	1042.3	304.2
630	1790	-549	I6	1031.5	300.3
634	1997	-717	I6	1039.4	245
635	1377	-145	I6	975	315.8
639	2056	-684	I6	1105	298.6
643	1963	-390	I6	1105.1	331.8
644	1651	-217	I6	1070.5	381.8
648	2085	-633	I6	1107.2	381
671	2132	-118	I6	1173.7	958.8
694	2130	-125	I6	1180.9	969.1
717	2110	-136	I6	1143.3	955.6
726	2079	-104	I6	1155.8	871.7
731	2055	-306	I6	1163.1	847.5
735	1958	-259	I6	1134.3	693.4
736	1692	-204	I6	1095.6	683.4
740	2093	-893	I6	1136.7	428.3
741	1140	-182	I6	1045.2	440.7
744	1866	-470	I6	1140.8	269
745	1924	-772	I6	1137.4	217.7
749	2068	-1011	I6	1129.4	62
750	1450	-476	I6	1065.1	103.7
753	1793	-262	I6	1146.2	91.7
754	2116	-962	I6	1171.2	42.5
758	2085	-669	I6	1181.7	50
759	1753	-412	I6	1150.2	109.9
763	2172	-893	I6	1201.9	150
767	1852	-338	I6	1175.9	248
768	1843	-564	I6	1151.7	258.5
772	2029	-828	I6	1117.7	213.4
773	1345	-260	I6	1035	276.7
776	1759	-130	I6	1102.7	262.6
777	2065	-803	I6	1124	216.1
781	1992	-539	I6	1115.2	202.8
782	1666	-283	I6	1078.9	257.3
786	2125	-851	I6	1150	250.3
790	1903	-351	I6	1162.9	284.2
791	1884	-566	I6	1152.1	281.5
795	2084	-839	I6	1151.5	205.6
796	1387	-228	I6	1077.7	267.9
799	1779	-94	I6	1143.1	275.5
800	2060	-769	I6	1158.8	233.7
804	2011	-515	I6	1129.5	245.1
805	1645	-248	I6	1085.6	304.2
809	2107	-791	I6	1141.6	295.1
813	1814	-271	I6	1132.1	337.2
814	1775	-459	I6	1108.5	342.8
818	2038	-806	I6	1087.9	276.3
819	1311	-175	I6	1008.3	337.9
823	2071	-698	I6	1103.5	297.1
827	2020	-519	I6	1114.2	291.9
828	1624	-211	I6	1072.8	351.4
832	2078	-811	I6	1140.7	320.5
836	1827	-294	I6	1117.8	333.3
837	1762	-430	I6	1092	342.2
841	2047	-809	I6	1086.9	270.3
842	1326	-171	I6	1011.7	334.3
845	1840	-101	I6	1106.6	326.1
846	2084	-720	I6	1132.3	283.5
850	2072	-586	I6	1153	256
851	1625	-226	I6	1110.8	314.3
855	2053	-832	I6	1153.3	287.6
859	1814	-306	I6	1109.6	317.8
860	1726	-407	I6	1075	335.7
864	2055	-815	I6	1079.4	270.4
865	1304	-179	I6	1004.5	335.7
868	1795	-156	I6	1094.2	311.5
869	2033	-735	I6	1116.1	268.6
873	2031	-582	I6	1122.4	235.6
874	1611	-227	I6	1078	294.4
878	2114	-776	I6	1157.3	291
882	1894	-301	I6	1155.5	334.9
883	1810	-393	I6	1133.4	353.8
887	2071	-810	I6	1136.5	292.6
888	1309	-194	I6	1056	350.8
891	1755	-141	I6	1120.9	320.3
892	1982	-725	I6	1129.7	277.9
896	1935	-586	I6	1085	226.7
897	1509	-196	I6	1028.8	288.1
901	2013	-715	I6	1070.8	300.9
910	2016	-275	I6	1036.3	553.6
947	2057	-138	I6	1131.5	883.7
956	2009	-129	I6	1069.1	927.7
965	2035	-105	I6	1081	810.7
970	2076	-277	I6	1126.8	795.4
979	1999	-464	I6	1088.1	707.7
984	1899	-568	I6	1055	576.1
988	2024	-752	I6	1064.4	352.7
989	1489	-317	I6	1013.4	367.4
993	2072	-876	I6	1110.3	222.8
997	1940	-486	I6	1098.5	216.3
998	1693	-407	I6	1065.4	250.8
1002	2029	-842	I6	1080.9	244.4
1003	1135	-120	I6	987.2	320
1006	1759	-254	I6	1071.2	289
1007	1842	-611	I6	1061.4	276.5
1011	1991	-715	I6	1058.6	223.1
1012	1399	-185	I6	995.6	288.8
1016	2038	-781	I6	1076.5	275.6
1020	1910	-394	I6	1060.9	312.1
1021	1637	-286	I6	1025.5	355
1025	2038	-800	I6	1064.7	327
1029	1769	-245	I6	1059.5	350.4
1030	1835	-574	I6	1052	332.4
1034	1972	-760	I6	1050.1	250.3
1035	1348	-207	I6	981.1	309.6
1039	2021	-771	I6	1072	268.1
1043	1951	-474	I6	1052.5	288.6
1044	1640	-284	I6	1019.3	336.2
1048	2019	-788	I6	1056.7	325.8
1052	1736	-254	I6	1049.9	346.5
1053	1767	-502	I6	1031.5	343.7
1057	1981	-734	I6	1034.1	265.3
1058	1363	-174	I6	968.5	326.7
1062	2017	-721	I6	1081.2	294.2
1066	1885	-384	I6	1060.6	315.4
1067	1604	-196	I6	1022.9	369.2
1071	2015	-759	I6	1043.8	364.5
1075	1747	-228	I6	1037.2	394.6
1076	1806	-517	I6	1029.3	381.3
1080	1972	-745	I6	1031.9	287.5
1081	1311	-162	I6	961.5	347.2
1085	2046	-767	I6	1062.1	289.7
1089	1980	-512	I6	1050.1	290.7
1090	1628	-297	I6	1015.7	335.5
1094	2062	-795	I6	1080.8	301
1098	1789	-264	I6	1080.6	335.6
1099	1760	-449	I6	1058.6	341.9
1103	1965	-749	I6	1043.3	297.4
1104	1271	-153	I6	964.2	361.6
1107	1711	-96	I6	1041.6	344
1108	2012	-743	I6	1063.9	296.1
1112	1989	-342	I6	1069.6	289.3
1117	2120	-283	I6	1119.4	504.4
1126	2025	-99	I6	1116.9	873.1
1163	2074	-123	I6	1141.4	934.6
1177	2017	-101	I6	1107.3	935.3
1186	2070	-572	I6	1117.6	728.1
1190	1762	-253	I6	1093.7	572.3
1191	1727	-503	I6	1066	524.1
1195	1978	-952	I6	1053.4	261.4
1196	1267	-381	I6	973.1	280.5
1199	1770	-337	I6	1055	174.4
1200	2070	-969	I6	1085.8	102.8
1204	2021	-692	I6	1094.8	65.7
1205	1626	-357	I6	1059.6	125.2
1209	2046	-854	I6	1121.5	164.2
1213	1799	-312	I6	1092.6	263.4
1214	1726	-474	I6	1063.1	285.2
1218	1957	-840	I6	1036.3	237
1219	1240	-235	I6	955.7	298.9
1222	1725	-173	I6	1036.5	272
1223	1977	-804	I6	1054.3	222.8
1227	1965	-581	I6	1061	189.1
1228	1591	-296	I6	1024.4	243.5
1232	2043	-917	I6	1096.3	213.1
1233	1037	-92	I6	1002.3	284.3
1236	1787	-387	I6	1086.6	232
1237	1760	-591	I6	1066.1	231
1241	1964	-847	I6	1047.8	159.7
1242	1271	-258	I6	970.6	225.6
1245	1736	-166	I6	1048.9	227.6
1246	2017	-832	I6	1071.9	183.1
1250	1979	-593	I6	1063.4	185.1
1251	1613	-343	I6	1028.3	235.5
1255	2069	-877	I6	1095.2	223.5
1259	1783	-336	I6	1095.2	262.4
1260	1774	-535	I6	1074.7	268.2
1264	1968	-846	I6	1059.4	203.6
1265	1297	-247	I6	982.2	266.6
1268	1724	-152	I6	1054.8	257.8
1269	2041	-820	I6	1080.6	209.4
1273	1975	-564	I6	1071.2	197.5
1274	1613	-297	I6	1035.7	252.4
1278	2057	-864	I6	1097	240.9
1282	1773	-369	I6	1082.3	269.3
1283	1747	-557	I6	1059.5	270
1287	1967	-855	I6	1035	195.4
1288	1271	-237	I6	956.4	258.1
1291	1710	-110	I6	1027.5	267.4
1292	1993	-767	I6	1049.5	227.6
1296	1936	-570	I6	1049.3	216.9
1297	1586	-278	I6	1011.2	274.6
1301	2079	-865	I6	1088.7	246.7
1305	1819	-309	I6	1095.4	283.5
1306	1794	-488	I6	1081.2	291.7
1310	2022	-765	I6	1084.4	233.3
1311	1370	-162	I6	1013.5	303.6
1315	2094	-500	I6	1135.7	310.1
1324	2179	-144	I6	1196	758.2
1347	2152	-143	I6	1200	949.3
1356	2033	-128	I6	1131	886.3
1361	2031	-231	I6	1117.8	855.4
1365	2034	-280	I6	1118.2	720.8
1366	1654	-105	I6	1080.3	723.1
1370	2081	-821	I6	1151.6	498
1374	1761	-472	I6	1122	317.2
1375	1711	-636	I6	1089.7	281.6
1379	1946	-918	I6	1042.5	124.6
1380	1253	-303	I6	959.7	176.4
1383	1710	-139	I6	1021.7	186.1
1384	1985	-738	I6	1044.1	159.5
1388	1946	-497	I6	1047.1	213.9
1389	1602	-243	I6	1012.7	281.4
1393	2011	-794	I6	1073.5	296.5
1397	1766	-279	I6	1056	335.1
1398	1732	-456	I6	1034.6	339.2
1402	1981	-796	I6	1014.2	280.8
1403	1276	-173	I6	940.7	342.9
1407	1996	-671	I6	1041.6	303.6
1411	1966	-497	I6	1052.3	301.6
1412	1554	-202	I6	1009.6	361
1416	2041	-807	I6	1077.8	333.9
1420	1767	-291	I6	1065	341.8
1421	1700	-409	I6	1038.4	350.6
1425	1960	-768	I6	1024.3	289.3
1426	1240	-130	I6	944.2	357
1430	1963	-658	I6	1033.4	323.9
1434	1939	-439	I6	1035.2	313.3
1435	1555	-133	I6	994.7	376.8
1439	2053	-554	I6	1071.7	387.6
1462	2083	-124	I6	1129.3	935.5
1485	2122	-97	I6	1123.6	945.8
1508	2066	-130	I6	1100	928.3
1517	2063	-94	I6	1107.8	941.1
1531	2053	-164	I6	1122.4	859.2
1540	2035	-121	I6	1083.9	923.1
1554	2088	-146	I6	1084.4	884.1