	X	Y	Label	avgX	avgY
93	2060	-190	H9	1122.5	899.1
98	2050	-456	H9	1117.2	750.9
102	2050	-790	H9	1122.0	467.4
103	1520	-605	H9	1068.0	425.9
106	1458	-443	H9	1067.8	210.9
107	2042	-1538	H9	1098.4	33.8
108	857	-877	H9	979.1	-8.3
110	400	-98	H9	920.2	-150.3
111	1720	-1668	H9	1009.1	-386.4
112	1453	-1735	H9	949.4	-480.9
113	90	-626	H9	806.4	-483.0
115	877	-1130	H9	837.6	-746.6
116	1686	-2369	H9	860.4	-939.2
117	717	-1752	H9	727.9	-960.6
118	-678	-320	H9	574.4	-904.9
119	-226	-471	H9	582.7	-999.9
120	1053	-1906	H9	648.0	-1180.7
121	1214	-2295	H9	597.4	-1243.4
122	-186	-1294	H9	433.5	-1199.3
123	-999	-135	H9	324.6	-1150.2
124	-159	-1040	H9	329.9	-1271.2
125	969	-2336	H9	339.1	-1391.8
126	355	-1894	H9	206.0	-1344.3
127	-1007	-605	H9	33.6	-1229.6
128	-895	-165	H9	11.9	-1214.1
129	287	-1438	H9	63.2	-1310.8
130	775	-2206	H9	35.4	-1340.8
131	-471	-1400	H9	-133.1	-1251.3
132	-1563	-93	H9	-270.8	-1131.2
133	-871	-543	H9	-258.0	-1172.0
134	400	-1846	H9	-202.1	-1252.6
135	208	-1870	H9	-278.2	-1206.0
136	-1090	-749	H9	-422.7	-1091.5
138	-338	-1031	H9	-409.1	-1107.5
139	610	-2204	H9	-376.8	-1184.1
140	-233	-1665	H9	-477.6	-1130.0
141	-1519	-349	H9	-582.4	-1024.9
142	-1093	-206	H9	-535.4	-1036.2
143	184	-1518	H9	-429.9	-1133.7
144	506	-2075	H9	-419.3	-1156.6
145	-779	-1144	H9	-518.0	-1084.0
147	-750	-559	H9	-502.5	-1062.4
148	525	-1855	H9	-416.2	-1144.8
149	111	-1626	H9	-466.1	-1087.0
150	-1204	-405	H9	-563.2	-961.0
152	-70	-1084	H9	-434.6	-994.6
153	664	-2153	H9	-386.6	-1058.1
154	-451	-1443	H9	-482.3	-994.9
155	-1659	-119	H9	-570.3	-892.4
156	-1082	-385	H9	-517.2	-943.6
157	212	-1688	H9	-421.0	-1056.5
158	316	-1973	H9	-441.9	-1068.3
159	-986	-935	H9	-551.6	-999.2
161	-524	-858	H9	-513.4	-1055.4
162	623	-2153	H9	-444.1	-1162.3
163	-67	-1657	H9	-517.2	-1112.7
164	-1370	-339	H9	-609.1	-1002.3
166	223	-1352	H9	-423.3	-1084.4
167	736	-2136	H9	-370.9	-1129.2
168	-629	-1209	H9	-465.4	-1052.8
170	-876	-389	H9	-468.3	-988.8
171	478	-1761	H9	-368.1	-1079.1
172	175	-1692	H9	-412.9	-1033.0
173	-1171	-491	H9	-523.3	-916.4
175	-220	-985	H9	-435.5	-959.4
176	619	-2156	H9	-395.9	-1039.8
177	-361	-1535	H9	-505.6	-979.7
178	-1624	-216	H9	-605.1	-880.4
179	-1073	-326	H9	-543.1	-930.8
180	241	-1665	H9	-431.4	-1058.4
181	441	-2104	H9	-435.1	-1092.7
182	-880	-1085	H9	-540.6	-1032.0
184	-570	-811	H9	-499.8	-1083.5
185	692	-2159	H9	-408.6	-1200.9
186	108	-1743	H9	-459.7	-1159.6
187	-1226	-445	H9	-546.2	-1050.6
189	179	-1328	H9	-367.4	-1127.0
190	775	-2206	H9	-314.0	-1181.1
191	-481	-1350	H9	-406.2	-1105.7
193	-898	-456	H9	-415.9	-1044.2
194	448	-1830	H9	-314.1	-1146.1
195	225	-1848	H9	-360.8	-1115.0
196	-1154	-668	H9	-487.0	-1007.5
198	-334	-987	H9	-438.1	-1045.5
199	626	-2218	H9	-393.4	-1134.5
200	-286	-1633	H9	-499.5	-1077.2
201	-1611	-272	H9	-612.5	-969.4
202	-1104	-228	H9	-557.9	-995.6
203	192	-1560	H9	-448.9	-1106.0
204	470	-2087	H9	-446.7	-1131.7
205	-855	-1119	H9	-554.7	-1058.8
207	-734	-640	H9	-526.3	-1064.4
208	545	-1952	H9	-438.4	-1160.9
209	52	-1638	H9	-495.8	-1102.9
210	-1283	-368	H9	-595.5	-976.4
212	3	-1140	H9	-446.0	-1023.6
213	683	-2120	H9	-396.9	-1079.6
214	-506	-1320	H9	-494.5	-1002.9
216	-1027	-355	H9	-520.4	-930.0
217	382	-1778	H9	-408.8	-1043.8
218	281	-1929	H9	-435.2	-1041.5
219	-1126	-781	H9	-553.0	-955.8
221	-429	-959	H9	-500.0	-1016.9
222	631	-2257	H9	-437.2	-1128.6
223	-176	-1688	H9	-523.1	-1085.4
224	-1411	-324	H9	-613.6	-985.8
226	534	-1174	H9	-369.5	-1082.4
227	883	-1457	H9	-319.4	-1050.3
228	-242	-303	H9	-371.7	-887.7
231	1583	-564	H9	38.2	-639.6
277	2029	-95	H9	1050.6	862.1
291	2182	-650	H9	1161.0	756.7
295	1864	-825	H9	1143.4	443.1
296	1640	-1085	H9	1098.6	333.3
297	247	-94	H9	962.8	303.4
299	895	-596	H9	974.0	-13.0
300	1735	-1957	H9	989.6	-254.9
301	794	-1439	H9	850.8	-333.8
302	-579	-128	H9	688.6	-343.1
303	-119	-270	H9	688.2	-495.7
304	1176	-1770	H9	750.4	-748.8
305	1373	-2278	H9	701.3	-894.1
306	-28	-1318	H9	534.5	-917.4
307	-820	-139	H9	427.8	-921.9
308	71	-1046	H9	449.8	-1094.1
309	1223	-2393	H9	482.6	-1273.8
310	615	-1960	H9	370.6	-1274.1
311	-756	-650	H9	215.6	-1195.2
312	-642	-181	H9	209.3	-1200.5
313	569	-1543	H9	278.1	-1327.8
314	1062	-2322	H9	266.7	-1383.0
315	-188	-1478	H9	110.6	-1303.0
317	-537	-608	H9	12.7	-1226.4
318	794	-1983	H9	85.0	-1320.1
319	569	-1963	H9	19.6	-1277.1
320	-755	-795	H9	-117.4	-1160.6
322	147	-1201	H9	-65.5	-1194.7
323	1010	-2391	H9	-21.4	-1279.5
324	109	-1807	H9	-116.7	-1228.0
325	-1177	-433	H9	-215.6	-1123.5
326	-632	-439	H9	-149.8	-1159.1
327	705	-1815	H9	-25.6	-1279.8
328	939	-2292	H9	-11.1	-1310.7
329	-384	-1298	H9	-106.4	-1244.2
331	-146	-917	H9	-54.7	-1266.8
332	1078	-2260	H9	38.4	-1372.7
333	569	-1893	H9	-5.7	-1322.9
334	-735	-622	H9	-90.1	-1204.4
335	-619	-101	H9	-34.3	-1171.2
336	608	-1434	H9	89.7	-1270.7
337	1187	-2340	H9	137.9	-1323.2
338	42	-1577	H9	48.2	-1251.7
339	-1120	-219	H9	-25.4	-1143.8
340	-459	-641	H9	40.5	-1200.4
341	815	-1973	H9	136.6	-1306.0
342	695	-2052	H9	98.3	-1285.2
343	-626	-932	H9	-21.2	-1189.1
345	58	-1145	H9	17.0	-1232.6
346	1012	-2387	H9	57.4	-1327.9
347	222	-1847	H9	-39.1	-1278.6
348	-1098	-490	H9	-153.1	-1169.9
349	-648	-312	H9	-105.9	-1179.2
350	681	-1688	H9	8.1	-1283.9
351	1017	-2296	H9	28.3	-1316.2
352	-284	-1364	H9	-69.6	-1247.4
354	-262	-737	H9	-43.9	-1230.9
355	987	-2055	H9	49.0	-1321.9
356	609	-1835	H9	8.7	-1266.7
357	-680	-623	H9	-81.5	-1144.3
359	502	-1322	H9	71.4	-1194.9
360	1179	-2354	H9	121.2	-1261.5
361	96	-1627	H9	29.1	-1194.6
362	-1152	-214	H9	-57.7	-1079.6
363	-508	-582	H9	5.2	-1133.5
364	825	-1987	H9	113.9	-1258.5
365	850	-2228	H9	100.2	-1275.8
366	-518	-1113	H9	-12.5	-1203.6
368	-20	-1087	H9	15.9	-1257.1
369	1019	-2374	H9	67.6	-1362.3
370	310	-1874	H9	-19.3	-1314.3
371	-992	-532	H9	-128.1	-1204.8
372	-614	-243	H9	-74.3	-1207.7
373	677	-1605	H9	44.2	-1310.0
374	1078	-2288	H9	69.5	-1340.1
375	-238	-1352	H9	-39.3	-1252.5
377	-331	-617	H9	-30.5	-1194.4
378	983	-1988	H9	69.8	-1284.5
379	633	-1830	H9	31.2	-1230.1
380	-718	-575	H9	-71.6	-1100.2
382	374	-1208	H9	42.1	-1129.8
383	1122	-2313	H9	86.6	-1200.6
384	80	-1627	H9	-13.2	-1134.5
385	-1194	-230	H9	-108.8	-1022.3
386	-568	-521	H9	-46.2	-1077.2
387	791	-1947	H9	66.0	-1210.2
388	873	-2241	H9	55.0	-1235.5
389	-512	-1132	H9	-59.5	-1165.7
391	-35	-1071	H9	-16.6	-1234.8
392	1039	-2380	H9	49.9	-1352.0
393	366	-1884	H9	-25.7	-1309.1
394	-957	-534	H9	-129.4	-1199.8
395	-615	-177	H9	-71.5	-1194.5
396	684	-1555	H9	53.7	-1297.9
397	1117	-2257	H9	86.3	-1328.9
398	-184	-1365	H9	-19.4	-1241.3
400	-341	-628	H9	-8.2	-1186.5
401	963	-1995	H9	91.6	-1278.9
402	662	-1874	H9	53.9	-1228.3
403	-683	-676	H9	-51.0	-1107.5
405	319	-1256	H9	52.3	-1155.1
406	1097	-2390	H9	93.6	-1238.6
407	106	-1649	H9	-7.5	-1177.8
408	-1031	-229	H9	-92.2	-1064.2
409	-308	-301	H9	-7.4	-1092.9
410	1022	-1357	H9	128.9	-1165.8
411	1167	-1333	H9	149.3	-1099.6
412	16	-106	H9	84.7	-922.8
415	1802	-608	H9	412.9	-661.6
461	2026	-113	H9	1083.1	900.9
516	2002	-102	H9	1081.4	930.1
530	2129	-103	H9	1131.1	906.9
539	2052	-288	H9	1108.9	883.5
543	1676	-256	H9	1056.6	726.3
544	1801	-750	H9	1041.3	627.7
548	1953	-1404	H9	1025.2	142.9
549	1252	-1033	H9	945.2	68.4
552	1421	-955	H9	952.1	-248.3
553	1834	-1728	H9	967.9	-395.5
554	521	-878	H9	839.9	-408.3
556	335	-238	H9	783.3	-499.3
557	1642	-1723	H9	857.7	-677.8
558	1264	-1593	H9	788.8	-696.7
559	-64	-459	H9	657.2	-639.3
561	905	-1162	H9	718.9	-805.5
562	1597	-2265	H9	736.5	-936.5
563	532	-1623	H9	606.3	-926.0
564	-755	-267	H9	478.7	-864.9
565	-243	-626	H9	499.8	-974.9
566	1030	-2022	H9	569.3	-1153.3
567	1028	-2253	H9	507.9	-1206.3
568	-301	-1223	H9	351.4	-1169.3
569	-925	-151	H9	265.3	-1138.5
570	46	-1149	H9	291.4	-1274.1
571	1099	-2418	H9	310.8	-1399.7
572	420	-1940	H9	193.1	-1367.2
573	-864	-647	H9	53.5	-1269.6
574	-566	-309	H9	72.4	-1273.8
575	690	-1640	H9	165.7	-1375.2
576	1086	-2301	H9	171.3	-1403.1
577	-185	-1423	H9	50.0	-1320.1
579	-378	-649	H9	16.3	-1253.3
580	922	-2000	H9	103.9	-1338.4
581	635	-1893	H9	57.5	-1285.9
582	-680	-692	H9	-52.5	-1161.1
584	280	-1209	H9	30.8	-1178.3
585	1073	-2361	H9	69.1	-1250.4
586	122	-1749	H9	-27.3	-1195.2
587	-1140	-399	H9	-122.8	-1092.8
588	-586	-533	H9	-62.9	-1140.4
589	732	-1897	H9	48.1	-1265.2
590	901	-2306	H9	46.0	-1295.8
591	-395	-1311	H9	-57.0	-1237.6
592	-1070	-160	H9	-96.0	-1184.4
593	-130	-1004	H9	-21.3	-1292.9
594	1034	-2278	H9	54.1	-1399.8
595	531	-1886	H9	-0.1	-1352.3
596	-717	-663	H9	-84.0	-1243.7
597	-567	-197	H9	-26.7	-1223.5
598	643	-1481	H9	96.2	-1318.3
599	1171	-2336	H9	140.1	-1362.2
600	29	-1581	H9	52.9	-1289.7
601	-1094	-261	H9	-17.0	-1184.7
602	-429	-678	H9	47.1	-1236.5
603	834	-2007	H9	143.5	-1336.8
604	722	-2107	H9	112.3	-1319.7
605	-586	-998	H9	0.6	-1230.9
607	64	-1186	H9	33.6	-1269.8
608	1007	-2425	H9	70.0	-1364.2
609	224	-1892	H9	-24.7	-1319.8
610	-1070	-547	H9	-134.6	-1216.4
611	-639	-352	H9	-89.1	-1225.5
612	665	-1713	H9	20.3	-1329.0
613	1009	-2324	H9	37.8	-1360.7
614	-281	-1397	H9	-62.5	-1289.7
616	-300	-731	H9	-47.9	-1262.2
617	954	-2043	H9	41.1	-1347.9
618	594	-1831	H9	-0.2	-1288.5
619	-680	-647	H9	-90.6	-1164.0
621	478	-1323	H9	54.1	-1205.5
622	1178	-2382	H9	105.4	-1272.4
623	112	-1674	H9	15.7	-1207.4
624	-1127	-286	H9	-68.9	-1096.3
625	-510	-603	H9	-4.1	-1151.1
626	823	-1985	H9	108.2	-1276.5
627	899	-2261	H9	102.7	-1298.3
628	-442	-1169	H9	-0.9	-1232.1
630	-6	-1072	H9	35.9	-1283.0
631	1051	-2365	H9	93.2	-1387.2
632	383	-1884	H9	13.7	-1337.4
633	-911	-577	H9	-88.6	-1227.7
634	-589	-224	H9	-34.8	-1221.5
635	701	-1597	H9	86.3	-1320.9
636	1140	-2317	H9	118.0	-1354.1
637	-159	-1422	H9	12.2	-1270.2
639	-338	-653	H9	10.8	-1216.4
640	952	-2017	H9	106.6	-1310.9
641	663	-1904	H9	67.8	-1264.8
642	-668	-703	H9	-37.3	-1146.7
644	345	-1242	H9	63.3	-1184.3
645	1127	-2396	H9	105.9	-1264.2
646	140	-1757	H9	5.9	-1208.2
647	-1136	-408	H9	-91.8	-1106.8
648	-588	-584	H9	-34.2	-1159.9
649	719	-1964	H9	71.5	-1291.0
650	884	-2348	H9	64.7	-1324.1
651	-448	-1308	H9	-46.4	-1264.5
652	-1118	-154	H9	-91.4	-1209.6
653	-153	-1042	H9	-22.8	-1320.3
654	982	-2335	H9	40.9	-1429.6
655	423	-1911	H9	-29.5	-1381.1
656	-848	-632	H9	-128.3	-1268.6
657	-665	-166	H9	-81.2	-1244.4
658	590	-1467	H9	36.6	-1332.7
659	1119	-2284	H9	76.6	-1364.7
660	-71	-1480	H9	-18.9	-1277.9
661	-1180	-139	H9	-92.1	-1161.0
662	-471	-596	H9	-27.4	-1205.2
663	794	-1915	H9	67.3	-1292.5
664	637	-1963	H9	32.8	-1255.3
665	-653	-839	H9	-74.8	-1148.1
667	98	-1137	H9	-14.4	-1179.8
668	1000	-2347	H9	26.6	-1267.8
669	176	-1797	H9	-67.7	-1219.1
670	-1118	-469	H9	-172.4	-1118.0
671	-635	-386	H9	-117.9	-1142.7
672	688	-1762	H9	-2.0	-1259.3
673	987	-2324	H9	17.3	-1300.2
674	-343	-1327	H9	-80.7	-1236.6
676	-260	-778	H9	-58.0	-1235.8
677	1021	-2119	H9	34.3	-1334.0
678	597	-1850	H9	-6.0	-1284.3
679	-709	-620	H9	-94.5	-1166.6
681	539	-1354	H9	63.6	-1217.2
682	1177	-2337	H9	112.5	-1274.7
683	66	-1589	H9	20.4	-1201.2
684	-1149	-211	H9	-60.2	-1089.6
685	-475	-617	H9	9.6	-1148.2
686	875	-2033	H9	123.1	-1273.7
687	791	-2199	H9	100.1	-1281.7
688	-581	-1065	H9	-17.7	-1203.2
690	28	-1135	H9	19.8	-1258.8
691	1026	-2406	H9	68.5	-1364.0
692	268	-1881	H9	-22.4	-1318.4
693	-1060	-512	H9	-135.0	-1210.7
694	-636	-297	H9	-83.7	-1219.3
695	665	-1660	H9	30.3	-1323.6
696	1014	-2269	H9	44.2	-1347.2
697	-258	-1358	H9	-60.7	-1263.1
699	-217	-678	H9	-27.3	-1221.9
700	1049	-1919	H9	74.8	-1300.3
701	774	-1560	H9	49.6	-1215.7
702	-333	-279	H9	-10.5	-1055.5
704	995	-649	H9	237.8	-1002.1
705	1700	-1365	H9	341.3	-972.6
706	799	-395	H9	319.8	-785.2
709	1771	-156	H9	676.7	-396.6
710	1863	-155	H9	758.1	-220.2
783	2125	-496	H9	1129.7	862.5
787	1712	-545	H9	1086.5	591.8
788	1608	-912	H9	1043.6	484.2
791	757	-361	H9	896.1	161.2
792	1696	-1842	H9	922.4	-91.1
793	800	-1407	H9	789.9	-182.2
794	-665	-119	H9	615.4	-203.3
796	973	-1623	H9	650.6	-603.0
797	1276	-2265	H9	607.0	-775.0
798	-152	-1307	H9	431.0	-814.5
800	-152	-899	H9	316.4	-994.7
801	1072	-2266	H9	347.9	-1185.2
802	537	-1903	H9	232.0	-1191.3
803	-818	-622	H9	70.2	-1112.8
805	555	-1460	H9	152.0	-1247.3
806	1122	-2328	H9	166.9	-1317.8
807	-91	-1513	H9	30.2	-1242.6
808	-1246	-110	H9	-79.2	-1122.9
809	-526	-593	H9	-27.8	-1177.6
810	810	-1991	H9	68.4	-1286.8
811	620	-2035	H9	23.2	-1263.7
812	-740	-853	H9	-104.5	-1158.7
814	63	-1149	H9	-52.1	-1198.7
815	979	-2380	H9	-9.7	-1290.7
816	89	-1790	H9	-113.0	-1236.9
817	-1260	-364	H9	-229.9	-1122.0
818	-727	-348	H9	-178.0	-1145.8
819	641	-1772	H9	-61.3	-1263.7
820	913	-2277	H9	-51.0	-1292.3
821	-472	-1239	H9	-160.2	-1212.7
823	-239	-869	H9	-127.0	-1218.0
824	1032	-2277	H9	-30.1	-1330.8
825	479	-1905	H9	-80.1	-1283.3
826	-888	-582	H9	-177.8	-1162.5
828	581	-1492	H9	5.8	-1248.9
829	1159	-2374	H9	57.6	-1309.1
830	-86	-1523	H9	-42.3	-1233.7
831	-1249	-111	H9	-120.0	-1120.9
832	-515	-592	H9	-45.8	-1180.9
833	803	-1962	H9	58.4	-1290.2
834	612	-1974	H9	16.4	-1259.9
835	-722	-827	H9	-103.7	-1152.1
837	48	-1139	H9	-44.2	-1194.5
838	936	-2355	H9	-8.7	-1280.8
839	43	-1772	H9	-120.3	-1220.6
840	-1260	-376	H9	-237.7	-1105.9
841	-716	-362	H9	-184.4	-1131.0
842	630	-1771	H9	-69.9	-1248.9
843	892	-2279	H9	-61.0	-1280.6
844	-480	-1260	H9	-170.2	-1209.2
846	-296	-823	H9	-148.1	-1212.5
847	990	-2199	H9	-53.9	-1318.5
848	454	-1840	H9	-102.1	-1267.0
849	-892	-534	H9	-195.6	-1143.2
851	505	-1415	H9	-24.2	-1213.5
852	1106	-2319	H9	23.4	-1268.3
853	-90	-1499	H9	-74.8	-1190.3
854	-1266	-88	H9	-153.4	-1073.1
855	-532	-563	H9	-78.8	-1130.6
856	826	-1964	H9	33.4	-1244.7
857	636	-2022	H9	-2.0	-1227.0
858	-726	-844	H9	-120.0	-1127.4
860	76	-1141	H9	-55.5	-1179.9
861	999	-2393	H9	-6.1	-1277.7
862	99	-1791	H9	-106.8	-1224.9
863	-1265	-374	H9	-224.3	-1112.4
864	-730	-350	H9	-170.7	-1138.6
865	629	-1773	H9	-54.6	-1259.6
866	897	-2295	H9	-47.5	-1292.7
867	-474	-1270	H9	-158.5	-1217.5
869	-291	-841	H9	-131.6	-1224.5
870	966	-2207	H9	-42.6	-1331.1
871	447	-1846	H9	-97.8	-1276.4
872	-889	-556	H9	-196.6	-1152.9
874	521	-1418	H9	-21.3	-1226.0
875	1112	-2321	H9	27.0	-1280.8
876	-73	-1513	H9	-70.0	-1202.6
877	-1252	-114	H9	-147.8	-1087.0
878	-552	-568	H9	-77.4	-1142.1
879	773	-1951	H9	29.0	-1253.1
880	616	-2024	H9	-6.0	-1234.8
881	-737	-878	H9	-124.4	-1138.0
883	5	-1139	H9	-70.4	-1190.2
884	926	-2379	H9	-29.9	-1286.3
885	44	-1791	H9	-136.7	-1233.3
886	-1321	-369	H9	-261.5	-1118.9
887	-778	-331	H9	-214.1	-1140.6
888	602	-1769	H9	-98.7	-1260.7
889	914	-2320	H9	-84.6	-1297.6
890	-492	-1283	H9	-195.4	-1223.5
892	-288	-857	H9	-169.3	-1223.1
893	1024	-2280	H9	-67.4	-1337.2
894	478	-1927	H9	-112.2	-1292.0
895	-875	-618	H9	-204.1	-1174.7
896	-745	-88	H9	-146.5	-1146.6
897	528	-1478	H9	-15.9	-1261.3
898	1127	-2376	H9	36.6	-1322.0
899	-82	-1554	H9	-63.0	-1245.4
900	-1258	-135	H9	-139.6	-1130.6
901	-537	-602	H9	-62.8	-1191.5
902	780	-1969	H9	44.0	-1302.7
903	596	-1998	H9	1.2	-1274.5
904	-742	-835	H9	-120.8	-1165.3
906	36	-1124	H9	-66.8	-1200.4
907	961	-2356	H9	-23.5	-1288.2
908	137	-1739	H9	-122.5	-1224.5
909	-1036	-330	H9	-217.9	-1102.1
910	-394	-224	H9	-131.5	-1111.0
911	963	-1374	H9	18.5	-1188.2
912	1245	-1602	H9	65.0	-1151.5
913	109	-449	H9	16.3	-996.6
916	1838	-724	H9	394.8	-775.0
962	2057	-203	H9	1100.8	886.6
967	2094	-300	H9	1118.1	783.3
971	2127	-406	H9	1158.8	623.1
972	1666	-250	H9	1119.7	618.4
976	2224	-1165	H9	1210.0	336.7
977	1130	-538	H9	1113.6	312.9
980	1979	-1369	H9	1205.3	-49.4
981	1797	-1607	H9	1172.3	-169.5
982	488	-589	H9	1054.5	-203.4
984	1149	-987	H9	1107.0	-508.8
985	1990	-2291	H9	1146.0	-733.0
986	1140	-1760	H9	1037.6	-792.5
987	-174	-434	H9	907.2	-782.1
988	239	-448	H9	935.6	-901.5
989	1454	-1840	H9	1016.1	-1107.9
990	1636	-2305	H9	981.8	-1201.5
991	282	-1354	H9	830.3	-1176.2
992	-606	-117	H9	720.9	-1129.0
993	192	-937	H9	730.2	-1247.3
994	1352	-2266	H9	750.5	-1375.2
995	869	-1918	H9	638.4	-1337.9
996	-443	-703	H9	480.1	-1232.2
997	-467	-172	H9	450.8	-1206.0
998	698	-1470	H9	496.7	-1308.2
999	1246	-2363	H9	475.9	-1360.5
1000	144	-1622	H9	326.7	-1292.2
1001	-978	-276	H9	200.7	-1184.4
1002	-309	-685	H9	230.4	-1241.2
1003	957	-2022	H9	306.9	-1349.7
1004	867	-2123	H9	258.4	-1335.4
1005	-431	-1027	H9	128.4	-1246.3
1007	213	-1171	H9	153.6	-1282.6
1008	1174	-2401	H9	201.2	-1375.7
1009	441	-1889	H9	120.7	-1328.3
1010	-843	-564	H9	22.0	-1222.5
1011	-441	-345	H9	75.7	-1229.4
1012	837	-1693	H9	190.3	-1330.2
1013	1196	-2313	H9	214.2	-1359.3
1014	-67	-1417	H9	120.8	-1288.7
1016	-74	-757	H9	148.6	-1261.7
1017	1213	-2119	H9	248.6	-1356.5
1018	835	-1915	H9	214.7	-1307.9
1019	-487	-661	H9	121.9	-1185.1
1021	690	-1343	H9	263.6	-1225.9
1022	1400	-2417	H9	319.9	-1298.3
1023	323	-1691	H9	232.6	-1236.1
1024	-949	-244	H9	144.4	-1118.8
1025	-299	-600	H9	209.5	-1172.1
1026	1052	-2030	H9	322.1	-1299.4
1027	1071	-2261	H9	307.9	-1313.6
1028	-276	-1179	H9	196.8	-1240.0
1029	-879	-136	H9	157.6	-1187.5
1030	131	-1156	H9	226.4	-1305.7
1031	1140	-2409	H9	271.4	-1412.3
1032	478	-1940	H9	179.2	-1364.6
1033	-800	-666	H9	66.9	-1262.1
1034	-509	-345	H9	110.9	-1272.2
1035	719	-1653	H9	212.7	-1377.5
1036	1095	-2314	H9	217.0	-1405.9
1037	-170	-1458	H9	92.9	-1325.6
1038	-1159	-132	H9	4.6	-1220.9
1039	-375	-689	H9	55.0	-1276.2
1040	877	-1987	H9	129.6	-1359.3
1041	638	-1903	H9	79.4	-1308.7
1042	-636	-752	H9	-32.0	-1189.9
1044	309	-1232	H9	46.1	-1209.5
1045	1093	-2390	H9	83.5	-1283.2
1046	162	-1784	H9	-9.8	-1230.2
1047	-1062	-443	H9	-99.0	-1128.7
1048	-493	-530	H9	-32.4	-1168.5
1049	831	-1903	H9	88.2	-1289.9
1050	1025	-2341	H9	103.0	-1325.3
1051	-279	-1343	H9	11.3	-1269.3
1052	-987	-132	H9	-23.8	-1207.3
1053	-32	-964	H9	56.7	-1306.2
1054	1158	-2285	H9	141.6	-1411.5
1055	643	-1887	H9	96.6	-1361.2
1056	-618	-627	H9	18.6	-1245.5
1057	-494	-125	H9	75.4	-1213.7
1058	715	-1435	H9	196.2	-1304.2
1059	1264	-2313	H9	239.5	-1345.2
1060	132	-1536	H9	150.2	-1264.7
1061	-1019	-180	H9	76.2	-1148.4
1062	-352	-587	H9	139.7	-1193.9
1063	903	-1921	H9	233.2	-1289.6
1064	797	-2009	H9	197.1	-1262.0
1065	-484	-922	H9	84.4	-1165.5
1067	195	-1155	H9	124.8	-1206.6
1068	1132	-2397	H9	166.5	-1302.8
1069	350	-1854	H9	75.1	-1256.9
1070	-966	-507	H9	-34.7	-1154.0
1071	-496	-356	H9	17.6	-1171.6
1072	825	-1756	H9	135.3	-1288.5
1073	1169	-2362	H9	161.9	-1332.6
1074	-152	-1401	H9	67.0	-1271.8
1076	-126	-764	H9	91.3	-1260.5
1077	1118	-2080	H9	183.6	-1353.0
1078	748	-1847	H9	145.2	-1298.0
1079	-544	-630	H9	55.8	-1175.6
1081	637	-1341	H9	208.7	-1223.4
1082	1295	-2359	H9	255.7	-1283.7
1083	209	-1623	H9	159.7	-1209.8
1084	-991	-237	H9	75.8	-1093.4
1085	-362	-607	H9	141.4	-1148.8
1086	973	-2013	H9	251.3	-1273.7
1087	983	-2236	H9	237.8	-1289.3
1088	-377	-1127	H9	125.3	-1217.3
1090	137	-1127	H9	157.0	-1275.0
1091	1154	-2386	H9	208.7	-1379.5
1092	473	-1890	H9	126.5	-1332.6
1093	-770	-576	H9	28.6	-1227.9
1094	-380	-274	H9	89.7	-1231.6
1095	918	-1598	H9	217.7	-1330.7
1096	1302	-2211	H9	250.6	-1350.5
1097	152	-1257	H9	167.5	-1252.6
1099	331	-404	H9	270.6	-1163.5
1100	1584	-1407	H9	415.3	-1191.5
1101	1315	-923	H9	431.4	-1045.2
1105	2077	-652	H9	784.2	-502.6
1137	2039	-121	H9	1075.6	885.9
1151	2154	-122	H9	1183.8	947.6
1155	1942	-146	H9	1156.6	882.1
1156	1723	-418	H9	1114.1	832.4
1159	1196	-99	H9	1071.0	562.1
1160	2021	-1574	H9	1118.7	321.6
1161	1108	-1238	H9	1014.1	210.0
1162	-234	-100	H9	888.7	136.6
1163	151	-225	H9	911.3	-76.5
1164	1370	-1674	H9	984.5	-384.0
1165	1548	-2189	H9	945.1	-588.3
1166	205	-1286	H9	793.3	-675.1
1167	-604	-120	H9	690.1	-734.6
1168	203	-981	H9	696.4	-948.6
1169	1320	-2312	H9	708.8	-1169.9
1170	778	-1928	H9	584.5	-1205.3
1171	-538	-685	H9	419.9	-1150.0
1172	-467	-188	H9	396.6	-1158.8
1173	708	-1498	H9	452.3	-1286.1
1174	1234	-2334	H9	438.7	-1352.1
1175	70	-1544	H9	290.9	-1287.6
1176	-1079	-169	H9	162.5	-1175.9
1177	-425	-615	H9	180.4	-1225.4
1178	844	-1961	H9	244.5	-1323.4
1179	687	-2012	H9	181.2	-1293.4
1180	-622	-884	H9	41.2	-1189.0
1182	119	-1163	H9	54.5	-1216.0
1183	1048	-2393	H9	88.5	-1305.5
1184	224	-1849	H9	-12.5	-1257.0
1185	-1073	-495	H9	-126.8	-1152.1
1186	-586	-400	H9	-77.5	-1175.2
1187	761	-1800	H9	41.1	-1293.7
1188	1069	-2371	H9	63.6	-1334.7
1189	-232	-1412	H9	-28.3	-1274.7
1190	-1040	-110	H9	-70.1	-1197.3
1191	-136	-851	H9	15.4	-1284.4
1192	1124	-2160	H9	115.9	-1384.1
1193	730	-1904	H9	84.1	-1335.2
1194	-541	-674	H9	7.6	-1217.7
1196	654	-1375	H9	183.9	-1273.3
1197	1278	-2360	H9	235.6	-1329.3
1198	217	-1644	H9	150.4	-1256.6
1199	-966	-296	H9	77.0	-1145.0
1200	-342	-656	H9	146.8	-1199.6
1201	969	-2025	H9	257.3	-1317.0
1202	956	-2224	H9	240.5	-1323.4
1203	-389	-1118	H9	128.6	-1244.8
1204	-926	-101	H9	90.1	-1187.5
1205	135	-1139	H9	158.6	-1293.8
1206	1156	-2413	H9	208.8	-1397.6
1207	473	-1922	H9	128.3	-1353.8
1208	-811	-609	H9	25.5	-1250.3
1209	-470	-280	H9	75.1	-1248.7
1210	805	-1621	H9	189.8	-1345.2
1211	1189	-2295	H9	211.8	-1372.2
1212	-88	-1410	H9	107.4	-1290.8
1214	-209	-684	H9	114.6	-1244.1
1215	1048	-2024	H9	205.9	-1332.6
1216	764	-1906	H9	166.7	-1281.9
1217	-530	-712	H9	66.4	-1160.9
1219	463	-1273	H9	169.7	-1195.8
1220	1224	-2412	H9	211.6	-1274.9
1221	255	-1767	H9	118.2	-1222.1
1222	-989	-411	H9	28.1	-1122.2
1223	-425	-611	H9	89.0	-1176.5
1224	907	-1998	H9	200.6	-1307.9
1225	1058	-2359	H9	201.6	-1341.4
1226	-262	-1319	H9	99.0	-1282.7
1227	-937	-173	H9	58.3	-1228.8
1228	50	-1072	H9	134.4	-1339.5
1229	1177	-2375	H9	205.8	-1449.7
1230	625	-1947	H9	145.9	-1403.2
1231	-647	-655	H9	55.7	-1292.0
1232	-446	-204	H9	110.0	-1271.3
1233	806	-1520	H9	233.1	-1362.2
1234	1279	-2314	H9	270.3	-1393.8
1235	88	-1492	H9	173.3	-1307.1
1236	-1010	-115	H9	98.5	-1186.7
1237	-260	-614	H9	166.2	-1230.8
1238	1023	-1971	H9	263.5	-1320.7
1239	851	-1988	H9	230.9	-1282.0
1240	-450	-855	H9	123.4	-1172.8
1242	350	-1217	H9	189.0	-1209.4
1243	1220	-2435	H9	230.4	-1300.9
1244	362	-1857	H9	138.7	-1255.2
1245	-935	-503	H9	36.4	-1156.3
1246	-408	-507	H9	96.6	-1195.5
1247	905	-1889	H9	213.1	-1323.0
1248	1159	-2396	H9	226.7	-1365.5
1249	-156	-1409	H9	126.0	-1307.6
1250	-945	-130	H9	76.5	-1235.1
1251	-17	-913	H9	153.5	-1325.6
1252	1212	-2249	H9	239.7	-1428.8
1253	755	-1922	H9	193.2	-1377.5
1254	-535	-671	H9	103.5	-1258.9
1255	-470	-108	H9	150.0	-1219.4
1256	733	-1413	H9	264.1	-1310.0
1257	1322	-2348	H9	305.8	-1355.9
1258	234	-1573	H9	213.3	-1273.6
1259	-876	-201	H9	141.3	-1152.8
1260	-183	-497	H9	217.5	-1189.5
1261	1070	-1591	H9	326.2	-1257.3
1262	1047	-1428	H9	309.7	-1175.2
1263	-64	-199	H9	227.8	-1002.9
1266	1731	-907	H9	471.4	-801.5
1312	2163	-317	H9	1176.8	954.6
1316	1837	-582	H9	1154.8	688.7
1317	1868	-1114	H9	1137.4	547.6
1318	532	-299	H9	1020.2	478.0
1320	918	-531	H9	1042.2	120.0
1321	1909	-2031	H9	1090.7	-171.6
1322	1162	-1687	H9	990.6	-308.6
1323	-210	-448	H9	851.6	-372.6
1324	53	-240	H9	860.3	-535.2
1325	1265	-1657	H9	929.5	-800.9
1326	1615	-2308	H9	907.3	-973.5
1327	298	-1407	H9	750.3	-1002.8
1329	170	-774	H9	652.7	-1112.2
1330	1438	-2153	H9	704.7	-1274.4
1331	1060	-1934	H9	619.8	-1264.7
1332	-223	-753	H9	481.3	-1171.3
1334	838	-1393	H9	549.0	-1250.2
1335	1495	-2427	H9	572.0	-1327.2
1336	489	-1758	H9	459.4	-1272.2
1337	-686	-416	H9	361.0	-1173.1
1338	-90	-747	H9	417.3	-1243.9
1339	1188	-2108	H9	519.1	-1377.3
1340	1208	-2323	H9	496.1	-1394.3
1341	-53	-1280	H9	384.8	-1328.9
1342	-611	-201	H9	346.0	-1273.7
1343	428	-1216	H9	420.6	-1386.9
1344	1475	-2499	H9	484.3	-1497.5
1345	855	-2033	H9	420.3	-1458.1
1346	-412	-719	H9	330.2	-1354.2
1347	-145	-336	H9	384.3	-1346.2
1348	1103	-1669	H9	503.6	-1438.4
1349	1496	-2358	H9	534.4	-1463.4
1350	283	-1530	H9	441.9	-1384.1
1351	-743	-193	H9	372.9	-1275.4
1352	3	-745	H9	434.3	-1329.8
1353	1266	-2095	H9	518.1	-1417.7
1354	1023	-2008	H9	472.9	-1368.6
1355	-251	-849	H9	362.3	-1250.2
1357	650	-1315	H9	435.3	-1282.4
1358	1430	-2482	H9	468.0	-1363.7
1359	545	-1881	H9	372.9	-1316.0
1360	-705	-523	H9	274.1	-1215.3
1361	-162	-623	H9	332.2	-1258.3
1362	1145	-2019	H9	446.4	-1385.7
1363	1294	-2414	H9	449.2	-1417.6
1364	51	-1453	H9	352.0	-1362.1
1365	-661	-242	H9	311.0	-1301.4
1366	297	-1106	H9	388.4	-1405.8
1367	1462	-2435	H9	469.6	-1517.8
1368	985	-2052	H9	425.1	-1474.8
1369	-278	-804	H9	342.8	-1367.1
1370	-174	-284	H9	395.9	-1343.2
1371	1039	-1584	H9	516.0	-1439.3
1372	1573	-2444	H9	558.8	-1481.8
1373	476	-1667	H9	477.0	-1407.1
1374	-684	-291	H9	403.5	-1290.9
1375	-19	-741	H9	467.7	-1340.8
1376	1244	-2110	H9	562.4	-1441.2
1377	1126	-2178	H9	528.8	-1415.5
1378	-154	-1081	H9	414.9	-1318.4
1379	-563	-145	H9	386.4	-1252.5
1380	468	-1209	H9	450.6	-1345.0
1381	1377	-2213	H9	484.4	-1407.9
1382	741	-1455	H9	401.2	-1309.0
1385	1431	-820	H9	548.7	-1107.4
1386	1706	-1006	H9	594.9	-997.0
