	X	Y	Label	avgX	avgY
4	2089	-100	I11		
18	2084	-140	I11		
36	2094	-137	I11		
41	2080	-92	I11		
50	2109	-104	I11		
73	2130	-137	I11		
82	2165	-156	I11		
105	2082	-100	I11		
114	2026	-180	I11		
123	2055	-259	I11	2091.4	-140.5
128	2093	-460	I11	2091.8	-176.5
132	1999	-209	I11	2083.3	-183.4
133	1688	-106	I11	2042.7	-180.3
137	2133	-725	I11	2048.0	-243.6
141	1881	-443	I11	2025.2	-277.5
142	1870	-852	I11	1999.2	-349.0
146	2027	-1616	I11	1985.4	-495.0
147	1304	-1185	I11	1907.6	-603.5
150	1862	-1505	I11	1891.2	-736.0
151	2150	-2326	I11	1900.7	-942.7
152	780	-1308	I11	1769.4	-1027.5
154	958	-933	I11	1665.3	-1099.9
155	2138	-2485	I11	1710.3	-1337.8
156	1713	-2209	I11	1668.3	-1486.2
157	355	-836	I11	1515.7	-1525.5
158	363	-292	I11	1365.0	-1469.5
159	1646	-1777	I11	1326.9	-1485.6
160	2108	-2741	I11	1407.3	-1641.2
161	1038	-1840	I11	1324.9	-1674.7
162	-147	-425	I11	1095.2	-1484.6
163	586	-860	I11	1075.8	-1439.8
164	1828	-2319	I11	1162.8	-1578.4
165	1762	-2380	I11	1125.2	-1567.9
166	468	-1135	I11	1000.7	-1460.5
167	51	-274	I11	970.3	-1404.3
168	1195	-1466	I11	1053.5	-1521.7
169	1971	-2715	I11	1086.0	-1615.5
170	1254	-2107	I11	1000.6	-1552.1
171	9	-732	I11	897.7	-1441.3
172	516	-660	I11	964.0	-1464.8
173	1839	-2157	I11	1089.3	-1594.5
174	2039	-2724	I11	1110.4	-1635.0
175	734	-1604	I11	1007.6	-1557.4
176	-122	-342	I11	948.6	-1478.1
177	861	-1123	I11	1029.6	-1563.0
178	2015	-2548	I11	1111.6	-1671.2
179	1677	-2263	I11	1082.2	-1626.0
180	385	-881	I11	995.3	-1503.4
181	340	-305	I11	1028.4	-1460.7
182	1564	-1708	I11	1133.2	-1565.5
183	2072	-2726	I11	1156.5	-1622.4
184	1077	-1879	I11	1060.3	-1537.9
185	-74	-510	I11	979.5	-1428.5
186	620	-869	I11	1053.7	-1481.2
187	1878	-2325	I11	1155.4	-1601.4
188	1873	-2501	I11	1141.2	-1596.7
189	556	-1283	I11	1029.1	-1498.7
190	6	-355	I11	991.2	-1446.1
191	1146	-1473	I11	1071.8	-1562.9
192	2012	-2801	I11	1116.6	-1672.2
193	1355	-2203	I11	1044.9	-1619.9
194	72	-813	I11	944.4	-1513.3
195	424	-565	I11	994.2	-1518.8
196	1729	-2036	I11	1105.1	-1635.5
197	1985	-2698	I11	1115.8	-1672.8
198	687	-1617	I11	997.2	-1584.4
199	-267	-276	I11	914.9	-1483.7
200	679	-967	I11	982.2	-1544.9
201	1893	-2397	I11	1056.9	-1637.3
202	1602	-2183	I11	1015.9	-1575.5
203	311	-837	I11	911.5	-1438.9
204	196	-193	I11	923.9	-1376.9
205	1450	-1610	I11	1026.5	-1481.4
206	2025	-2742	I11	1056.1	-1552.0
207	1088	-1937	I11	966.4	-1475.9
208	-103	-552	I11	887.4	-1369.4
209	540	-830	I11	968.1	-1424.8
210	1822	-2278	I11	1082.4	-1555.9
211	1828	-2564	I11	1075.9	-1572.6
212	563	-1381	I11	972.0	-1492.4
213	-56	-374	I11	935.3	-1446.1
214	1004	-1372	I11	1016.1	-1564.0
215	1923	-2705	I11	1063.4	-1673.5
216	1390	-2182	I11	999.9	-1617.5
217	159	-847	I11	907.0	-1508.5
218	406	-521	I11	957.9	-1505.4
219	1683	-1939	I11	1072.2	-1616.3
220	2012	-2704	I11	1091.2	-1658.9
221	850	-1716	I11	993.4	-1574.1
222	-217	-357	I11	915.4	-1471.7
223	617	-912	I11	982.7	-1525.5
224	1852	-2346	I11	1067.5	-1622.9
225	1694	-2279	I11	1044.6	-1580.3
226	406	-974	I11	946.2	-1459.5
227	105	-214	I11	940.8	-1396.2
228	1314	-1506	I11	1031.6	-1494.7
229	2003	-2729	I11	1063.6	-1573.7
230	1200	-2039	I11	982.4	-1507.2
231	-37	-658	I11	893.7	-1401.4
232	549	-774	I11	970.3	-1443.1
233	1870	-2243	I11	1095.6	-1576.2
234	1965	-2683	I11	1106.9	-1609.9
235	674	-1544	I11	1004.9	-1536.4
236	-79	-411	I11	956.4	-1480.1
237	973	-1307	I11	1043.2	-1589.4
238	2012	-2698	I11	1113.0	-1708.6
239	1555	-2216	I11	1068.2	-1657.3
240	287	-768	I11	976.9	-1530.2
241	409	-303	I11	1021.5	-1494.7
242	1636	-1421	I11	1130.2	-1559.4
243	2049	-1941	I11	1148.1	-1529.2
244	995	-732	I11	1051.1	-1334.1
247	1879	-594	I11	1171.6	-1239.1
248	1738	-231	I11	1353.3	-1221.1
252	2043	-222	I11	1460.3	-1112.6
266	2087	-125	I11	1467.8	-855.3
275	2075	-124	I11	1519.8	-646.1
284	1991	-114	I11	1690.2	-580.7
289	2110	-99	I11	1860.3	-560.3
298	2153	-935	I11	1912.0	-511.7
299	999	-240	I11	1807.0	-341.6
302	1918	-1193	I11	1899.3	-387.7
303	1754	-1549	I11	1886.8	-483.2
304	391	-466	I11	1752.1	-506.7
306	1292	-1063	I11	1677.0	-590.8
307	2070	-2451	I11	1675.3	-823.4
308	1216	-1831	I11	1589.4	-994.1
309	-61	-475	I11	1384.2	-1030.2
310	532	-656	I11	1226.4	-1085.9
311	1882	-2209	I11	1199.3	-1213.3
312	1990	-2691	I11	1298.4	-1458.4
313	647	-1569	I11	1171.3	-1496.0
314	-125	-435	I11	983.4	-1384.6
315	909	-1356	I11	1035.2	-1473.6
316	1925	-2762	I11	1098.5	-1643.5
317	1452	-2330	I11	1036.7	-1631.4
318	168	-969	I11	931.9	-1545.2
319	305	-527	I11	968.5	-1550.4
320	1558	-1928	I11	1071.1	-1677.6
321	1944	-2769	I11	1077.3	-1733.6
322	832	-1830	I11	961.5	-1647.5
323	-294	-437	I11	867.4	-1534.3
324	486	-928	I11	928.5	-1583.6
325	1736	-2381	I11	1011.2	-1686.1
326	1626	-2391	I11	981.3	-1649.0
327	323	-1115	I11	868.4	-1527.5
328	-53	-284	I11	846.3	-1459.0
329	1133	-1529	I11	929.1	-1559.2
330	1886	-2787	I11	961.9	-1645.1
331	1117	-2136	I11	879.2	-1581.8
332	-149	-729	I11	781.1	-1471.7
333	405	-716	I11	851.0	-1499.6
334	1737	-2185	I11	976.1	-1625.3
335	1903	-2703	I11	992.8	-1657.5
336	611	-1578	I11	891.3	-1576.2
337	-197	-361	I11	839.3	-1500.8
338	817	-1175	I11	926.3	-1589.9
339	1924	-2581	I11	1005.4	-1695.1
340	1552	-2251	I11	972.0	-1641.5
341	279	-898	I11	888.2	-1517.7
342	297	-382	I11	932.8	-1483.0
343	1531	-1806	I11	1045.4	-1592.0
344	2000	-2794	I11	1071.7	-1652.9
345	976	-1920	I11	979.0	-1574.6
346	-190	-532	I11	898.9	-1470.0
347	527	-918	I11	971.3	-1525.7
348	1781	-2368	I11	1067.7	-1645.0
349	1766	-2502	I11	1051.9	-1637.1
350	475	-1272	I11	944.2	-1539.2
351	-30	-358	I11	913.3	-1485.2
352	1119	-1490	I11	995.5	-1596.0
353	1964	-2797	I11	1038.8	-1695.1
354	1320	-2205	I11	970.8	-1636.2
355	61	-815	I11	879.3	-1525.7
356	458	-623	I11	944.1	-1534.8
357	1771	-2096	I11	1068.5	-1652.6
358	2017	-2738	I11	1092.1	-1689.6
359	712	-1644	I11	986.7	-1603.8
360	-223	-324	I11	916.9	-1509.0
361	748	-1051	I11	994.7	-1578.3
362	1958	-2492	I11	1078.6	-1678.5
363	1659	-2262	I11	1048.1	-1625.0
364	312	-897	I11	947.3	-1494.2
365	180	-271	I11	959.2	-1439.8
366	1452	-1701	I11	1058.6	-1547.6
367	2005	-2804	I11	1082.0	-1618.4
368	1012	-1973	I11	981.5	-1541.9
369	-192	-565	I11	891.1	-1434.0
370	480	-894	I11	961.4	-1491.0
371	1765	-2365	I11	1063.1	-1622.4
372	1765	-2610	I11	1043.8	-1634.2
373	448	-1390	I11	922.7	-1547.0
374	-127	-397	I11	878.8	-1497.0
375	1000	-1443	I11	960.8	-1614.2
376	1899	-2773	I11	1005.5	-1721.4
377	1303	-2222	I11	935.3	-1663.2
378	68	-869	I11	840.9	-1552.8
379	400	-585	I11	900.1	-1554.8
380	1700	-2037	I11	1022.1	-1669.1
381	1991	-2601	I11	1044.7	-1692.7
382	774	-1362	I11	945.6	-1567.9
384	753	-462	I11	976.1	-1475.1
385	2000	-1518	I11	1188.8	-1587.2
386	1730	-962	I11	1261.8	-1539.1
390	2169	-536	I11	1288.8	-1315.4
399	2137	-188	I11	1372.2	-1112.0
413	2111	-138	I11	1576.5	-1038.9
422	2107	-124	I11	1747.2	-992.8
431	2161	-290	I11	1793.3	-818.1
436	2162	-738	I11	1810.4	-631.8
440	2041	-1134	I11	1937.1	-609.0
441	1590	-1053	I11	2020.8	-668.1
444	1583	-984	I11	1979.1	-614.7
445	2103	-2158	I11	2016.4	-734.3
446	962	-1346	I11	1895.7	-815.3
448	590	-518	I11	1741.0	-848.3
449	1982	-2190	I11	1728.1	-1053.5
450	1794	-2305	I11	1696.8	-1271.6
451	378	-1019	I11	1518.5	-1344.5
452	5	-218	I11	1302.8	-1292.5
453	1266	-1556	I11	1225.3	-1334.7
454	2003	-2871	I11	1266.6	-1516.5
455	1147	-2154	I11	1223.0	-1633.5
456	-157	-696	I11	997.0	-1487.3
457	442	-840	I11	945.0	-1436.7
458	1777	-2335	I11	1063.7	-1618.4
459	1858	-2737	I11	1051.3	-1673.1
460	543	-1562	I11	926.2	-1598.8
461	-169	-437	I11	871.5	-1540.6
462	902	-1360	I11	961.2	-1654.8
463	1903	-2753	I11	1024.9	-1774.5
464	1422	-2279	I11	966.8	-1715.3
465	137	-904	I11	865.8	-1590.3
466	298	-485	I11	911.3	-1569.2
467	1601	-1936	I11	1027.2	-1678.8
468	1992	-2781	I11	1048.7	-1723.4
469	860	-1805	I11	948.9	-1630.2
470	-252	-378	I11	869.4	-1511.8
471	568	-902	I11	943.1	-1558.3
472	1858	-2391	I11	1038.7	-1661.4
473	1718	-2369	I11	1020.2	-1623.0
474	378	-1045	I11	915.8	-1499.6
475	30	-244	I11	905.1	-1433.6
476	1246	-1528	I11	999.9	-1537.9
477	1968	-2789	I11	1036.6	-1623.2
478	1157	-2096	I11	953.1	-1554.7
479	-132	-672	I11	853.9	-1441.4
480	422	-745	I11	921.3	-1478.1
481	1741	-2223	I11	1038.6	-1610.2
482	1851	-2697	I11	1037.9	-1640.8
483	536	-1549	I11	919.7	-1558.8
484	-232	-394	I11	858.7	-1493.7
485	811	-1260	I11	936.8	-1595.3
486	1880	-2664	I11	1000.2	-1708.9
487	1458	-2266	I11	949.2	-1656.6
488	167	-906	I11	850.2	-1537.6
489	281	-440	I11	891.5	-1514.4
490	1558	-1872	I11	1005.1	-1627.1
491	1999	-2813	I11	1030.9	-1686.1
492	937	-1897	I11	939.5	-1606.1
493	-204	-497	I11	865.5	-1500.9
494	568	-945	I11	945.5	-1556.0
495	1817	-2402	I11	1046.1	-1670.2
496	1744	-2484	I11	1032.5	-1652.2
497	433	-1219	I11	930.0	-1547.5
498	12	-360	I11	914.5	-1492.9
499	1175	-1559	I11	1003.9	-1604.8
500	1959	-2836	I11	1044.0	-1701.2
501	1238	-2208	I11	967.9	-1640.7
502	-31	-802	I11	871.1	-1531.2
503	458	-724	I11	937.3	-1553.9
504	1780	-2213	I11	1058.5	-1680.7
505	1977	-2785	I11	1074.5	-1719.0
506	663	-1649	I11	966.4	-1635.5
507	-201	-384	I11	903.0	-1552.0
508	802	-1168	I11	982.0	-1632.8
509	1945	-2602	I11	1059.0	-1737.1
510	1598	-2314	I11	1022.9	-1684.9
511	289	-944	I11	928.0	-1558.5
512	249	-380	I11	956.0	-1516.3
513	1497	-1796	I11	1059.9	-1623.5
514	1990	-2810	I11	1080.9	-1683.2
515	960	-1953	I11	979.2	-1600.0
516	-218	-541	I11	891.1	-1489.2
517	500	-925	I11	961.2	-1543.3
518	1792	-2413	I11	1060.2	-1667.8
519	1769	-2564	I11	1042.6	-1664.0
520	419	-1305	I11	924.7	-1563.1
521	-106	-360	I11	885.2	-1504.7
522	1049	-1490	I11	965.2	-1615.7
523	1908	-2803	I11	1006.3	-1716.4
524	1252	-2170	I11	932.5	-1652.4
525	28	-700	I11	839.3	-1527.1
526	435	-479	I11	904.6	-1520.9
527	1721	-1642	I11	1026.7	-1592.6
528	1950	-1874	I11	1042.5	-1538.7
529	675	-509	I11	933.1	-1333.2
532	2053	-787	I11	1096.5	-1281.4
533	1689	-144	I11	1276.0	-1259.8
537	2180	-175	I11	1389.1	-1128.3
546	2044	-141	I11	1402.7	-862.1
560	2123	-138	I11	1489.8	-658.9
569	2163	-176	I11	1703.3	-606.5
578	2082	-184	I11	1868.0	-577.0
587	2055	-124	I11	1901.4	-425.2
592	2111	-525	I11	1917.5	-290.3
596	2112	-820	I11	2061.2	-321.4
597	1752	-912	I11	2031.1	-333.9
600	1507	-640	I11	2012.9	-383.5
601	2150	-1957	I11	2009.9	-561.7
602	1090	-1236	I11	1914.5	-671.2
604	529	-283	I11	1755.1	-685.7
605	1920	-1939	I11	1730.8	-862.0
606	1845	-2194	I11	1707.1	-1063.0
607	472	-984	I11	1548.8	-1149.0
608	4	-114	I11	1338.1	-1107.9
609	1234	-1379	I11	1250.3	-1163.8
610	2065	-2775	I11	1281.6	-1350.1
611	1266	-2161	I11	1257.5	-1502.2
612	-58	-739	I11	1036.7	-1380.4
613	450	-729	I11	972.7	-1329.7
614	1829	-2291	I11	1102.7	-1530.5
615	2020	-2847	I11	1112.7	-1621.3
616	641	-1679	I11	992.3	-1569.8
617	-203	-432	I11	924.8	-1514.6
618	850	-1310	I11	1009.4	-1634.2
619	1936	-2743	I11	1079.6	-1770.6
620	1498	-2356	I11	1022.9	-1728.7
621	193	-968	I11	915.6	-1609.4
622	264	-463	I11	947.8	-1581.8
623	1564	-1906	I11	1059.2	-1699.5
624	2002	-2820	I11	1076.5	-1752.4
625	908	-1884	I11	965.3	-1656.1
626	-267	-442	I11	874.5	-1532.4
627	524	-937	I11	947.2	-1582.9
628	1805	-2431	I11	1042.7	-1695.0
629	1697	-2463	I11	1018.8	-1667.0
630	352	-1151	I11	904.2	-1546.5
631	-55	-291	I11	879.4	-1478.8
632	1152	-1538	I11	968.2	-1586.3
633	1928	-2817	I11	1004.6	-1677.4
634	1177	-2166	I11	922.1	-1612.0
635	-106	-750	I11	820.7	-1498.6
636	413	-729	I11	888.7	-1527.3
637	1725	-2189	I11	1008.8	-1652.5
638	1884	-2713	I11	1016.7	-1680.7
639	598	-1578	I11	906.8	-1592.2
640	-207	-373	I11	850.9	-1514.4
641	825	-1201	I11	938.9	-1605.4
642	1932	-2621	I11	1016.9	-1713.7
643	1548	-2292	I11	978.9	-1661.2
644	235	-918	I11	884.7	-1536.4
645	262	-397	I11	921.5	-1501.1
646	1560	-1841	I11	1036.2	-1612.3
647	2035	-2831	I11	1067.2	-1676.5
648	982	-1940	I11	977.0	-1599.2
649	-214	-535	I11	895.8	-1494.9
650	515	-943	I11	968.0	-1551.9
651	1784	-2407	I11	1063.9	-1672.5
652	1749	-2516	I11	1045.6	-1662.0
653	451	-1262	I11	935.9	-1559.0
654	-8	-360	I11	911.6	-1503.2
655	1171	-1537	I11	1002.5	-1617.2
656	1982	-2843	I11	1044.7	-1717.4
657	1299	-2230	I11	971.1	-1657.3
658	44	-817	I11	877.3	-1545.0
659	492	-679	I11	947.9	-1559.4
660	1814	-2165	I11	1077.8	-1681.6
661	2023	-2775	I11	1101.7	-1718.4
662	707	-1657	I11	997.5	-1632.5
663	-217	-357	I11	930.7	-1542.0
664	768	-1126	I11	1008.3	-1618.6
665	1939	-2559	I11	1085.1	-1720.8
666	1595	-2284	I11	1046.4	-1664.9
667	253	-902	I11	941.8	-1532.1
668	208	-310	I11	958.2	-1481.4
669	1496	-1756	I11	1058.6	-1589.1
670	2035	-2816	I11	1080.7	-1654.2
671	1012	-1942	I11	979.6	-1570.9
672	-187	-517	I11	890.2	-1456.9
673	540	-886	I11	965.9	-1509.8
674	1831	-2371	I11	1072.2	-1634.3
675	1816	-2549	I11	1059.9	-1633.3
676	500	-1294	I11	950.4	-1534.3
677	-28	-344	I11	922.3	-1478.5
678	1110	-1475	I11	1012.5	-1595.0
679	1963	-2803	I11	1059.2	-1699.7
680	1307	-2200	I11	986.4	-1638.1
681	50	-805	I11	890.2	-1524.4
682	462	-600	I11	955.1	-1532.7
683	1787	-2099	I11	1079.8	-1654.0
684	2034	-2749	I11	1100.1	-1691.8
685	740	-1658	I11	992.5	-1602.7
686	-212	-333	I11	921.3	-1506.6
687	750	-1058	I11	999.1	-1578.0
688	1965	-2513	I11	1084.6	-1681.8
689	1665	-2298	I11	1054.8	-1631.3
690	351	-947	I11	959.2	-1506.0
691	235	-314	I11	977.7	-1456.9
692	1474	-1744	I11	1078.9	-1571.3
693	2027	-2779	I11	1102.9	-1639.3
694	1070	-1773	I11	1006.5	-1541.7
695	-71	-313	I11	925.4	-1407.2
696	643	-495	I11	1010.9	-1423.4
697	1905	-1562	I11	1126.4	-1473.8
698	1905	-1378	I11	1120.4	-1360.3
702	2142	-748	I11	1168.1	-1205.3
707	2119	-145	I11	1344.9	-1125.1
716	2160	-175	I11	1537.4	-1111.2
725	2034	-89	I11	1593.4	-945.7
739	2111	-202	I11	1601.8	-688.0
743	2075	-287	I11	1702.3	-539.4
744	1677	-287	I11	1877.1	-536.8
747	1566	-141	I11	1969.4	-501.4
748	2162	-1477	I11	1995.1	-492.9
749	1086	-861	I11	1913.2	-441.2
752	1951	-1787	I11	1894.1	-545.1
753	1847	-2129	I11	1866.9	-743.5
754	488	-973	I11	1699.7	-823.3
755	28	-148	I11	1499.1	-829.2
756	1249	-1413	I11	1412.9	-950.3
757	2063	-2790	I11	1411.7	-1200.6
758	1302	-2183	I11	1374.2	-1390.2
759	16	-789	I11	1219.2	-1455.0
760	523	-785	I11	1055.3	-1385.8
761	1853	-2291	I11	1132.0	-1528.8
762	2003	-2792	I11	1137.2	-1629.3
763	682	-1638	I11	1020.7	-1580.2
764	-145	-418	I11	957.4	-1524.7
765	888	-1264	I11	1043.4	-1636.3
766	1975	-2679	I11	1116.0	-1762.9
767	1551	-2314	I11	1064.8	-1715.3
768	235	-921	I11	958.1	-1589.1
769	269	-396	I11	983.4	-1549.8
770	1535	-1817	I11	1084.6	-1653.0
771	1996	-2771	I11	1098.9	-1701.0
772	949	-1862	I11	993.5	-1608.0
773	-234	-448	I11	901.9	-1489.0
774	519	-883	I11	968.3	-1535.5
775	1796	-2361	I11	1059.1	-1645.2
776	1714	-2434	I11	1033.0	-1620.7
777	398	-1148	I11	917.7	-1504.1
778	-30	-272	I11	891.2	-1439.2
779	1153	-1475	I11	979.6	-1547.1
780	1963	-2792	I11	1022.4	-1644.6
781	1246	-2156	I11	947.4	-1583.1
782	-48	-739	I11	847.7	-1470.8
783	457	-658	I11	916.8	-1491.8
784	1787	-2149	I11	1043.6	-1618.4
785	1970	-2727	I11	1061.0	-1655.0
786	677	-1611	I11	957.3	-1572.7
787	-175	-370	I11	900.0	-1494.9
788	819	-1155	I11	984.9	-1583.2
789	1963	-2584	I11	1065.9	-1694.1
790	1621	-2284	I11	1031.7	-1643.3
791	323	-913	I11	939.4	-1519.0
792	297	-358	I11	973.9	-1480.9
793	1561	-1790	I11	1084.3	-1594.1
794	2062	-2823	I11	1111.8	-1661.5
795	1050	-1940	I11	1019.8	-1582.8
796	-118	-538	I11	940.3	-1475.5
797	584	-898	I11	1016.2	-1528.3
798	1853	-2358	I11	1119.6	-1648.6
799	1844	-2521	I11	1107.7	-1642.3
800	526	-1263	I11	998.2	-1540.2
801	0	-332	I11	965.9	-1482.1
802	1176	-1480	I11	1053.8	-1594.3
803	2015	-2813	I11	1099.2	-1696.6
804	1332	-2190	I11	1026.2	-1633.3
805	56	-783	I11	926.8	-1517.6
806	445	-590	I11	983.1	-1522.8
807	1795	-2115	I11	1104.2	-1644.5
808	2036	-2772	I11	1122.5	-1685.9
809	694	-1658	I11	1007.5	-1599.6
810	-234	-344	I11	931.5	-1507.7
811	757	-1075	I11	1007.2	-1582.0
812	1943	-2206	I11	1083.9	-1654.6
813	1621	-1598	I11	1044.5	-1533.1
816	1562	-594	I11	1067.5	-1373.5
817	2103	-1237	I11	1272.2	-1418.9
826	2105	-202	I11	1438.2	-1380.1
831	2086	-92	I11	1467.3	-1177.8
840	2074	-147	I11	1471.1	-915.3
849	2129	-134	I11	1614.6	-762.9
858	2073	-137	I11	1845.3	-742.2
863	2149	-91	I11	1984.5	-643.8
872	2091	-102	I11	1999.3	-433.4
881	2098	-147	I11	2047.0	-288.3
890	2048	-101	I11	2095.6	-239.0
895	2145	-127	I11	2099.8	-128.0
904	2096	-150	I11	2098.9	-122.8
