	X	Y	Label	avgX	avgY
9	2113	-96	I10		
18	2085	-145	I10		
23	2103	-90	I10		
32	2160	-170	I10		
55	2111	-139	I10		
78	2150	-114	I10		
87	2145	-149	I10		
96	2070	-97	I10		
142	2225	-106	I10		
151	2077	-126	I10	2123.9	-123.2
165	2109	-150	I10	2123.5	-128.6
183	2095	-106	I10	2124.5	-124.7
188	2114	-88	I10	2125.6	-124.5
197	2185	-131	I10	2128.1	-120.6
206	2088	-152	I10	2125.8	-121.9
220	2166	-225	I10	2127.4	-133.0
229	2080	-447	I10	2120.9	-162.8
233	1848	-114	I10	2098.7	-164.5
234	1971	-568	I10	2073.3	-210.7
238	2130	-920	I10	2078.6	-290.1
239	1500	-499	I10	2017.7	-325.0
242	1795	-516	I10	1987.7	-366.0
243	2169	-1487	I10	1993.2	-505.9
244	881	-645	I10	1862.8	-557.3
246	804	-113	I10	1734.4	-553.4
247	2094	-1774	I10	1727.2	-708.3
248	1776	-1790	I10	1696.8	-842.6
249	454	-584	I10	1557.4	-889.6
251	1610	-1494	I10	1521.3	-982.2
252	2200	-2685	I10	1528.3	-1158.7
253	1203	-1944	I10	1498.6	-1303.2
254	-23	-553	I10	1316.8	-1306.9
255	653	-910	I10	1165.2	-1249.2
256	1937	-2415	I10	1270.8	-1426.2
257	1937	-2639	I10	1384.1	-1678.8
258	638	-1440	I10	1238.5	-1645.4
259	56	-451	I10	1066.5	-1511.5
260	1151	-1545	I10	1136.2	-1607.6
261	2025	-2851	I10	1177.7	-1743.3
262	1415	-2309	I10	1099.2	-1705.7
263	178	-934	I10	996.7	-1604.7
264	508	-642	I10	1049.8	-1613.6
265	1764	-2073	I10	1160.9	-1729.9
266	2047	-2755	I10	1171.9	-1763.9
267	817	-1754	I10	1059.9	-1675.4
268	-178	-371	I10	978.3	-1568.5
269	683	-999	I10	1041.0	-1623.3
270	1887	-2408	I10	1114.6	-1709.6
271	1658	-2270	I10	1077.9	-1651.5
272	373	-948	I10	973.7	-1515.4
273	183	-255	I10	974.2	-1447.5
274	1366	-1604	I10	1060.0	-1543.7
275	1991	-2775	I10	1082.7	-1613.9
276	1133	-2053	I10	991.3	-1543.7
277	-58	-683	I10	903.8	-1436.6
278	539	-905	I10	975.5	-1490.0
279	1830	-2359	I10	1090.2	-1626.0
280	1880	-2720	I10	1089.5	-1657.2
281	610	-1566	I10	984.7	-1586.8
282	-63	-488	I10	941.1	-1540.8
283	976	-1439	I10	1020.4	-1659.2
284	1978	-2832	I10	1081.6	-1782.0
285	1485	-2349	I10	1031.0	-1739.4
286	217	-979	I10	939.4	-1632.0
287	357	-551	I10	980.9	-1618.8
288	1636	-1980	I10	1090.6	-1726.3
289	2018	-2820	I10	1109.4	-1772.4
290	903	-1877	I10	1011.7	-1688.1
291	-220	-502	I10	928.7	-1581.7
292	560	-989	I10	991.0	-1631.8
293	1784	-2415	I10	1071.8	-1729.4
294	1696	-2414	I10	1043.6	-1687.6
295	443	-1164	I10	939.4	-1569.1
296	59	-350	I10	923.6	-1506.2
297	1215	-1581	I10	1009.4	-1609.2
298	1950	-2807	I10	1040.8	-1691.9
299	1211	-2180	I10	960.1	-1627.9
300	-23	-813	I10	867.5	-1521.5
301	500	-780	I10	939.5	-1549.3
302	1785	-2235	I10	1062.0	-1673.9
303	1945	-2761	I10	1078.1	-1708.5
304	647	-1652	I10	973.2	-1632.3
305	-192	-425	I10	909.7	-1558.4
306	786	-1214	I10	982.4	-1644.8
307	1913	-2610	I10	1052.2	-1747.7
308	1582	-2311	I10	1015.4	-1698.1
309	324	-972	I10	926.7	-1577.3
310	306	-418	I10	959.6	-1537.8
311	1532	-1802	I10	1062.8	-1640.0
312	2035	-2819	I10	1087.8	-1698.4
313	1058	-1981	I10	999.1	-1620.4
314	-74	-639	I10	927.0	-1519.1
315	585	-987	I10	1004.7	-1575.3
316	1832	-2407	I10	1109.3	-1694.6
317	1832	-2604	I10	1101.2	-1694.0
318	543	-1411	I10	997.3	-1604.0
319	-10	-455	I10	963.9	-1552.3
320	1051	-1491	I10	1038.4	-1659.6
321	1925	-2791	I10	1077.7	-1758.5
322	1378	-2263	I10	1012.0	-1702.9
323	172	-935	I10	923.4	-1598.3
324	462	-646	I10	977.0	-1599.0
325	1714	-2013	I10	1089.9	-1701.6
326	1997	-2711	I10	1106.4	-1732.0
327	823	-1746	I10	1005.5	-1646.2
328	-166	-421	I10	934.6	-1547.2
329	652	-968	I10	1000.8	-1598.5
330	1835	-2355	I10	1079.2	-1684.9
331	1697	-2283	I10	1056.4	-1634.1
332	442	-1027	I10	962.8	-1510.5
333	147	-291	I10	960.3	-1446.1
334	1275	-1540	I10	1041.6	-1535.5
335	1949	-2717	I10	1065.1	-1605.9
336	1199	-2087	I10	985.3	-1543.5
337	10	-759	I10	904.0	-1444.8
338	557	-830	I10	976.3	-1485.7
339	1823	-2252	I10	1093.4	-1614.1
340	1945	-2725	I10	1104.4	-1651.1
341	680	-1625	I10	1002.7	-1585.3
342	-85	-451	I10	950.0	-1527.7
343	918	-1289	I10	1027.1	-1627.5
344	2018	-2708	I10	1101.4	-1744.3
345	1616	-2357	I10	1068.1	-1708.3
346	306	-983	I10	978.8	-1597.9
347	324	-452	I10	1010.2	-1567.2
348	1546	-1853	I10	1109.1	-1669.5
349	2013	-2826	I10	1128.1	-1726.9
350	982	-1962	I10	1031.8	-1650.6
351	-171	-581	I10	946.7	-1546.2
352	503	-956	I10	1005.5	-1596.7
353	1701	-2359	I10	1083.8	-1703.7
354	1701	-2483	I10	1052.1	-1681.2
355	451	-1300	I10	935.6	-1575.5
356	-23	-396	I10	902.7	-1516.8
357	1067	-1476	I10	977.0	-1619.2
358	1907	-2591	I10	1013.1	-1693.0
359	1317	-1790	I10	943.5	-1589.4
360	180	-335	I10	863.3	-1426.7
361	548	-105	I10	935.2	-1379.1
362	1753	-1146	I10	1060.2	-1398.1
363	2030	-1393	I10	1093.1	-1301.5
364	846	-134	I10	1007.6	-1066.6
367	1957	-161	I10	1158.2	-952.7
381	2156	-106	I10	1376.1	-923.7
395	2156	-89	I10	1485.0	-785.0
418	2139	-733	I10	1508.2	-599.2
422	2049	-907	I10	1581.4	-510.9
423	1818	-1098	I10	1745.2	-587.2
426	1466	-651	I10	1837.0	-641.8
427	2218	-2128	I10	1883.5	-740.0
428	1327	-1570	I10	1813.2	-757.7
429	26	-234	I10	1731.2	-767.7
430	628	-508	I10	1598.3	-802.4
431	1971	-2090	I10	1579.8	-1000.8
432	2038	-2546	I10	1568.0	-1246.5
433	729	-1464	I10	1427.0	-1319.6
434	22	-422	I10	1224.3	-1271.1
435	1063	-1423	I10	1148.8	-1303.6
436	2036	-2808	I10	1205.8	-1519.3
437	1517	-2318	I10	1135.7	-1538.3
438	250	-964	I10	1028.0	-1477.7
439	455	-586	I10	1070.9	-1512.9
440	1703	-2011	I10	1178.4	-1663.2
441	2047	-2786	I10	1186.0	-1732.8
442	921	-1854	I10	1074.3	-1663.6
443	-156	-489	I10	985.8	-1566.1
444	625	-1004	I10	1046.1	-1624.3
445	1793	-2383	I10	1119.1	-1720.3
446	1692	-2362	I10	1084.7	-1675.7
447	462	-1145	I10	979.2	-1558.4
448	113	-362	I10	965.5	-1498.2
449	1216	-1578	I10	1041.6	-1597.4
450	1925	-2742	I10	1063.8	-1670.5
451	1202	-2144	I10	979.3	-1606.3
452	-2	-811	I10	887.0	-1502.0
453	533	-815	I10	955.9	-1534.6
454	1794	-2245	I10	1072.8	-1658.7
455	1958	-2757	I10	1089.3	-1696.1
456	691	-1671	I10	989.2	-1627.0
457	-143	-438	I10	928.7	-1556.3
458	821	-1212	I10	999.5	-1641.3
459	1969	-2618	I10	1074.8	-1745.3
460	1638	-2336	I10	1046.1	-1704.7
461	378	-989	I10	963.7	-1589.2
462	347	-418	I10	998.6	-1549.9
463	1537	-1786	I10	1099.0	-1647.0
464	2046	-2802	I10	1124.2	-1702.7
465	1066	-1988	I10	1035.0	-1625.8
466	-83	-650	I10	957.6	-1523.7
467	603	-985	I10	1032.2	-1578.4
468	1848	-2411	I10	1134.9	-1698.3
469	1848	-2616	I10	1122.8	-1698.1
470	593	-1436	I10	1018.3	-1608.1
471	28	-472	I10	983.3	-1556.4
472	1104	-1530	I10	1059.0	-1667.6
473	1995	-2845	I10	1104.8	-1773.5
474	1442	-2311	I10	1044.4	-1724.4
475	239	-977	I10	961.7	-1623.3
476	527	-670	I10	1022.7	-1625.3
477	1746	-2057	I10	1137.0	-1732.5
478	2043	-2767	I10	1156.5	-1768.1
479	890	-1808	I10	1060.7	-1687.3
480	-129	-482	I10	988.5	-1591.9
481	667	-1017	I10	1052.4	-1646.4
482	1817	-2348	I10	1123.7	-1728.2
483	1700	-2295	I10	1094.2	-1673.2
484	486	-1085	I10	998.6	-1550.6
485	187	-341	I10	993.4	-1487.0
486	1267	-1559	I10	1067.4	-1575.9
487	1946	-2712	I10	1087.4	-1641.4
488	1215	-2108	I10	1004.6	-1575.5
489	36	-809	I10	919.2	-1475.6
490	551	-816	I10	987.2	-1509.0
491	1778	-2200	I10	1098.3	-1627.3
492	1912	-2714	I10	1107.8	-1663.9
493	678	-1649	I10	1005.6	-1599.3
494	-127	-432	I10	944.3	-1534.0
495	804	-1182	I10	1006.0	-1618.1
496	1954	-2565	I10	1074.7	-1718.7
497	1645	-2289	I10	1044.6	-1676.4
498	418	-970	I10	964.9	-1562.6
499	353	-401	I10	996.6	-1521.8
500	1527	-1757	I10	1094.2	-1615.9
501	2051	-2805	I10	1121.5	-1676.4
502	1104	-2009	I10	1040.7	-1605.9
503	-24	-673	I10	970.5	-1508.3
504	601	-978	I10	1043.3	-1562.9
505	1827	-2389	I10	1145.6	-1683.6
506	1827	-2624	I10	1132.9	-1689.5
507	561	-1461	I10	1024.5	-1606.7
508	-36	-474	I10	979.1	-1557.1
509	1027	-1480	I10	1046.5	-1665.0
510	1944	-2806	I10	1088.2	-1769.9
511	1427	-2297	I10	1025.8	-1719.1
512	217	-970	I10	937.1	-1615.2
513	434	-638	I10	982.9	-1611.7
514	1656	-2005	I10	1088.4	-1714.4
515	1979	-2761	I10	1103.6	-1751.6
516	853	-1826	I10	1006.2	-1671.8
517	-185	-507	I10	931.6	-1576.4
518	584	-1000	I10	993.6	-1629.0
519	1742	-2357	I10	1065.1	-1716.7
520	1669	-2336	I10	1037.6	-1669.7
521	442	-1123	I10	939.1	-1552.3
522	92	-344	I10	926.6	-1489.7
523	1203	-1552	I10	1003.5	-1581.1
524	1929	-2744	I10	1030.8	-1655.0
525	1218	-2148	I10	954.7	-1593.7
526	28	-832	I10	872.2	-1494.3
527	502	-789	I10	940.9	-1522.5
528	1749	-2198	I10	1057.4	-1642.3
529	1924	-2742	I10	1075.6	-1680.8
530	661	-1686	I10	974.8	-1615.8
531	-194	-441	I10	911.2	-1547.6
532	743	-1190	I10	976.3	-1632.2
533	1895	-2580	I10	1045.5	-1735.0
534	1589	-2317	I10	1011.5	-1692.3
535	324	-1009	I10	922.1	-1578.4
536	267	-424	I10	946.0	-1537.6
537	1454	-1662	I10	1041.2	-1624.9
538	1992	-2398	I10	1065.5	-1644.9
539	1075	-1311	I10	980.6	-1501.8
542	1916	-1096	I10	1106.1	-1442.8
543	1916	-875	I10	1317.1	-1486.2
547	2168	-279	I10	1459.6	-1395.1
561	2120	-97	I10	1482.1	-1146.8
584	2142	-157	I10	1537.4	-930.8
593	2061	-114	I10	1711.1	-841.3
607	2127	-93	I10	1897.1	-808.2
625	2074	-184	I10	1959.1	-660.4
630	2087	-666	I10	1968.6	-487.2
634	2027	-636	I10	2063.8	-419.7
635	1777	-699	I10	2049.9	-380.0
638	1473	-283	I10	2005.6	-320.8
639	2174	-1636	I10	2006.2	-456.5
640	1288	-1029	I10	1923.0	-549.7
643	2008	-1595	I10	1909.6	-693.5
644	2074	-2086	I10	1910.9	-890.7
645	768	-1015	I10	1775.0	-982.9
647	1171	-1058	I10	1684.7	-1070.3
648	2157	-2502	I10	1691.7	-1253.9
649	1618	-2068	I10	1650.8	-1397.1
650	352	-770	I10	1508.3	-1404.2
651	576	-426	I10	1418.6	-1418.5
652	1805	-1872	I10	1381.7	-1442.1
653	2115	-2637	I10	1464.4	-1602.9
654	973	-1763	I10	1360.9	-1619.7
655	-67	-468	I10	1146.8	-1457.9
656	739	-1019	I10	1143.9	-1458.3
657	1906	-2404	I10	1217.4	-1592.9
658	1778	-2354	I10	1179.5	-1578.1
659	549	-1131	I10	1072.6	-1484.4
660	198	-376	I10	1057.2	-1445.0
661	1302	-1616	I10	1129.8	-1564.0
662	1990	-2779	I10	1148.3	-1654.7
663	1259	-2172	I10	1062.7	-1608.2
664	66	-856	I10	972.0	-1517.5
665	567	-860	I10	1035.4	-1556.7
666	1780	-2240	I10	1139.5	-1678.8
667	1912	-2720	I10	1140.1	-1710.4
668	687	-1662	I10	1031.0	-1641.2
669	-111	-456	I10	965.0	-1573.7
670	852	-1229	I10	1030.4	-1659.0
671	1968	-2602	I10	1097.0	-1757.6
672	1634	-2316	I10	1061.4	-1711.3
673	371	-1004	I10	972.6	-1594.5
674	321	-431	I10	998.1	-1552.0
675	1513	-1785	I10	1092.7	-1644.5
676	2028	-2814	I10	1117.5	-1701.9
677	1081	-2015	I10	1034.4	-1631.4
678	-58	-688	I10	959.9	-1534.0
679	560	-1011	I10	1027.0	-1589.5
680	1771	-2390	I10	1118.9	-1705.6
681	1771	-2622	I10	1099.2	-1707.6
682	541	-1472	I10	989.9	-1623.2
683	-26	-493	I10	950.2	-1572.1
684	1029	-1494	I10	1021.0	-1678.4
685	1934	-2803	I10	1063.1	-1780.2
686	1417	-2305	I10	1002.0	-1729.3
687	216	-986	I10	915.5	-1626.4
688	457	-658	I10	967.0	-1623.4
689	1688	-2008	I10	1079.8	-1723.1
690	2016	-2773	I10	1104.3	-1761.4
691	898	-1829	I10	1017.0	-1682.1
692	-149	-503	I10	948.0	-1585.2
693	629	-1002	I10	1013.5	-1636.1
694	1779	-2354	I10	1088.5	-1722.1
695	1681	-2340	I10	1063.2	-1675.8
696	452	-1114	I10	966.7	-1556.7
697	103	-334	I10	955.4	-1491.5
698	1180	-1520	I10	1027.7	-1577.7
699	1898	-2711	I10	1048.7	-1648.0
700	1199	-2122	I10	967.0	-1582.9
701	18	-823	I10	879.0	-1482.3
702	488	-760	I10	942.7	-1508.0
703	1728	-2140	I10	1052.6	-1621.8
704	1907	-2693	I10	1065.4	-1655.7
705	707	-1667	I10	968.0	-1588.4
706	-134	-432	I10	909.4	-1520.2
707	760	-1125	I10	975.1	-1599.3
708	1913	-2486	I10	1048.4	-1695.9
709	1664	-2263	I10	1025.0	-1651.1
710	469	-991	I10	952.0	-1538.0
711	334	-388	I10	983.6	-1494.5
712	1491	-1709	I10	1083.9	-1589.4
713	2035	-2798	I10	1114.6	-1655.2
714	1171	-2061	I10	1041.0	-1592.0
715	25	-751	I10	972.8	-1500.4
716	603	-988	I10	1046.5	-1556.0
717	1826	-2384	I10	1153.1	-1681.9
718	1848	-2707	I10	1146.6	-1704.0
719	599	-1564	I10	1040.1	-1634.1
720	-68	-507	I10	986.4	-1585.7
721	988	-1452	I10	1051.8	-1692.1
722	1972	-2825	I10	1099.9	-1803.7
723	1473	-2338	I10	1043.7	-1757.7
724	206	-982	I10	947.2	-1649.8
725	357	-570	I10	980.4	-1631.7
726	1613	-1971	I10	1081.4	-1730.0
727	1992	-2810	I10	1098.0	-1772.6
728	905	-1882	I10	1003.7	-1690.1
729	-198	-523	I10	924.0	-1586.0
730	549	-980	I10	985.7	-1633.3
731	1742	-2363	I10	1061.1	-1724.4
732	1673	-2384	I10	1031.2	-1680.3
733	454	-1170	I10	929.3	-1563.5
734	73	-357	I10	916.0	-1501.0
735	1188	-1540	I10	999.1	-1598.0
736	1943	-2760	I10	1032.1	-1676.9
737	1264	-2166	I10	959.3	-1612.5
738	49	-819	I10	873.7	-1506.2
739	534	-741	I10	946.9	-1528.0
740	1806	-2178	I10	1072.6	-1647.8
741	1990	-2755	I10	1097.4	-1687.0
742	739	-1681	I10	1004.0	-1616.7
743	-129	-414	I10	945.7	-1541.1
744	802	-1125	I10	1018.6	-1617.9
745	1973	-2506	I10	1097.1	-1714.5
746	1700	-2277	I10	1072.8	-1666.2
747	461	-978	I10	992.5	-1547.4
748	372	-382	I10	1024.8	-1503.7
749	1527	-1712	I10	1124.1	-1600.8
750	2069	-2783	I10	1150.4	-1661.3
751	1181	-2036	I10	1069.5	-1589.4
752	49	-742	I10	1000.5	-1495.5
753	631	-987	I10	1076.5	-1552.8
754	1839	-2374	I10	1180.2	-1677.7
755	1845	-2666	I10	1167.4	-1693.7
756	609	-1532	I10	1058.3	-1619.2
757	-46	-496	I10	1007.6	-1571.0
758	969	-1449	I10	1067.3	-1677.7
759	1930	-2795	I10	1107.6	-1786.0
760	1451	-2308	I10	1045.8	-1738.5
761	213	-967	I10	949.0	-1631.6
762	393	-569	I10	983.4	-1614.3
763	1650	-1967	I10	1085.3	-1712.3
764	2023	-2753	I10	1103.7	-1750.2
765	960	-1692	I10	1015.2	-1652.8
766	-79	-298	I10	946.4	-1529.4
767	703	-600	I10	1021.3	-1539.8
768	1866	-1560	I10	1111.0	-1550.9
769	1766	-1135	I10	1094.6	-1384.9
773	2063	-596	I10	1155.8	-1213.7
787	2150	-105	I10	1349.5	-1127.5
810	2128	-101	I10	1523.0	-1080.7
833	2112	-302	I10	1569.2	-914.2
837	2018	-362	I10	1568.7	-675.1
838	1712	-436	I10	1643.9	-549.5
841	1504	-140	I10	1802.2	-533.7
842	2150	-1469	I10	1946.9	-620.6
843	1222	-914	I10	1882.5	-556.0
846	1981	-1630	I10	1904.0	-605.5
847	2020	-2055	I10	1899.7	-751.4
848	720	-968	I10	1756.7	-837.7
850	1266	-1149	I10	1670.5	-942.5
851	2187	-2577	I10	1678.0	-1170.0
852	1591	-2116	I10	1635.3	-1345.4
853	289	-784	I10	1493.0	-1380.2
854	593	-489	I10	1401.9	-1415.1
855	1860	-1945	I10	1372.9	-1462.7
856	2146	-2649	I10	1465.3	-1636.2
857	930	-1701	I10	1360.2	-1643.3
858	-62	-373	I10	1152.0	-1475.1
859	760	-1001	I10	1156.0	-1478.4
860	1921	-2390	I10	1221.5	-1602.5
861	1715	-2276	I10	1174.3	-1572.4
862	456	-1007	I10	1060.8	-1461.5
863	231	-311	I10	1055.0	-1414.2
864	1345	-1610	I10	1130.2	-1526.3
865	1971	-2750	I10	1141.3	-1606.8
866	1177	-2083	I10	1044.4	-1550.2
867	3	-756	I10	951.7	-1455.7
868	564	-922	I10	1014.3	-1510.6
869	1813	-2327	I10	1119.6	-1643.2
870	1888	-2712	I10	1116.3	-1675.4
871	629	-1588	I10	1007.7	-1606.6
872	-84	-471	I10	953.7	-1553.0
873	936	-1360	I10	1024.2	-1657.9
874	1988	-2760	I10	1088.5	-1772.9
875	1570	-2360	I10	1048.4	-1733.9
876	301	-1002	I10	960.8	-1625.8
877	359	-521	I10	996.4	-1602.3
878	1578	-1873	I10	1097.8	-1697.4
879	2005	-2788	I10	1117.0	-1743.5
880	989	-1931	I10	1027.1	-1665.4
881	-116	-595	I10	952.6	-1566.1
882	597	-978	I10	1020.7	-1616.8
883	1776	-2340	I10	1104.7	-1714.8
884	1776	-2441	I10	1083.5	-1682.9
885	551	-1261	I10	981.6	-1573.0
886	77	-388	I10	959.2	-1511.6
887	1173	-1492	I10	1040.6	-1608.7
888	1991	-2766	I10	1081.9	-1698.0
889	1392	-2206	I10	1020.6	-1639.8
890	178	-876	I10	939.5	-1534.3
891	531	-660	I10	1004.2	-1540.8
892	1759	-2050	I10	1120.4	-1648.0
893	2014	-2707	I10	1144.2	-1684.7
894	787	-1708	I10	1045.3	-1611.4
895	-163	-372	I10	973.9	-1522.5
896	699	-978	I10	1036.1	-1581.5
897	1856	-2355	I10	1104.4	-1667.8
898	1650	-2213	I10	1070.3	-1612.5
899	391	-930	I10	970.2	-1484.9
900	166	-247	I10	969.0	-1422.0
901	1347	-1553	I10	1050.6	-1511.3
902	1973	-2721	I10	1072.0	-1578.4
903	1155	-2034	I10	986.1	-1511.1
904	-14	-711	I10	906.0	-1411.4
905	537	-865	I10	976.0	-1460.7
906	1780	-2271	I10	1084.1	-1590.0
907	1859	-2672	I10	1084.4	-1621.7
908	641	-1574	I10	983.5	-1557.8
909	-83	-470	I10	936.1	-1511.8
910	919	-1330	I10	1011.4	-1620.1
911	1958	-2710	I10	1072.5	-1735.8
912	1564	-2308	I10	1031.6	-1694.5
913	317	-982	I10	947.8	-1589.3
914	391	-505	I10	988.3	-1568.7
915	1596	-1879	I10	1094.2	-1670.1
916	2027	-2814	I10	1118.9	-1724.4
917	1009	-1944	I10	1033.9	-1651.6
918	-120	-603	I10	957.8	-1554.5
919	573	-977	I10	1023.4	-1605.2
920	1774	-2359	I10	1108.9	-1708.1
921	1774	-2475	I10	1090.5	-1684.6
922	537	-1282	I10	987.8	-1582.0
923	56	-387	I10	961.7	-1522.5
924	1136	-1489	I10	1036.2	-1620.9
925	1974	-2764	I10	1074.0	-1709.4
926	1364	-2209	I10	1007.7	-1648.9
927	160	-889	I10	922.8	-1543.4
928	518	-655	I10	986.6	-1548.6
929	1754	-2040	I10	1104.7	-1654.9
930	2004	-2696	I10	1127.7	-1688.6
931	807	-1725	I10	1031.0	-1613.6
932	-182	-405	I10	959.1	-1525.9
933	655	-985	I10	1019.0	-1585.7
934	1809	-2342	I10	1086.3	-1671.0
935	1653	-2226	I10	1054.2	-1617.2
936	437	-989	I10	961.5	-1495.2
937	194	-297	I10	964.9	-1436.0
938	1313	-1572	I10	1044.4	-1527.7
939	1967	-2724	I10	1065.7	-1596.1
940	1185	-2068	I10	983.8	-1533.3
941	-1	-732	I10	903.0	-1434.0
942	560	-872	I10	977.2	-1480.7
943	1823	-2300	I10	1094.0	-1612.2
944	1912	-2721	I10	1104.3	-1650.1
945	657	-1627	I10	1004.7	-1590.2
946	-72	-471	I10	953.8	-1538.4
947	915	-1317	I10	1025.9	-1640.4
948	1991	-2712	I10	1093.7	-1754.4
949	1613	-2345	I10	1058.3	-1716.5
950	357	-1024	I10	975.5	-1612.1
951	404	-529	I10	1016.0	-1591.8
952	1607	-1874	I10	1120.7	-1692.0
953	2051	-2796	I10	1143.5	-1741.6
954	1064	-1883	I10	1058.7	-1657.8
955	-15	-517	I10	991.5	-1546.8
956	654	-719	I10	1064.1	-1571.6
957	1822	-1684	I10	1154.8	-1608.3
958	1822	-1394	I10	1137.9	-1476.5
962	2094	-773	I10	1186.0	-1319.3
976	2191	-95	I10	1369.4	-1226.4
999	2122	-89	I10	1541.2	-1182.4
1013	2073	-160	I10	1587.8	-1011.0
1017	2123	-379	I10	1595.0	-769.3
1018	1670	-247	I10	1655.6	-605.7
1021	1676	-192	I10	1824.7	-573.2
1022	2183	-1373	I10	1977.6	-638.6
1023	1109	-723	I10	1906.3	-542.5
1026	1985	-1613	I10	1922.6	-564.4
1027	1857	-1885	I10	1898.9	-675.6
1028	559	-749	I10	1735.7	-741.0
1030	1367	-1243	I10	1660.2	-856.4
1031	2153	-2604	I10	1668.2	-1100.8
1032	1369	-2025	I10	1592.8	-1265.4
1033	88	-651	I10	1434.6	-1305.8
1034	629	-671	I10	1329.9	-1353.7
1035	1942	-2184	I10	1305.8	-1434.8
1036	2084	-2694	I10	1403.3	-1631.9
1037	802	-1616	I10	1285.0	-1632.2
1038	2	-433	I10	1099.5	-1487.0
1039	999	-1299	I10	1143.5	-1542.0
1040	2063	-2708	I10	1213.1	-1688.5
1041	1671	-2355	I10	1164.9	-1663.6
1042	402	-1036	I10	1068.2	-1564.7
1043	446	-524	I10	1104.0	-1552.0
1044	1618	-1884	I10	1202.9	-1673.3
1045	2076	-2829	I10	1216.3	-1737.8
1046	1059	-2006	I10	1113.8	-1669.0
1047	-61	-680	I10	1027.5	-1575.4
1048	614	-1044	I10	1088.7	-1636.5
1049	1766	-2381	I10	1165.4	-1744.7
1050	1766	-2522	I10	1135.7	-1726.1
1051	565	-1383	I10	1025.1	-1628.9
1052	72	-466	I10	992.1	-1571.9
1053	1099	-1527	I10	1057.4	-1672.2
1054	1959	-2794	I10	1091.5	-1763.2
1055	1389	-2267	I10	1022.8	-1707.0
1056	219	-953	I10	938.8	-1601.7
1057	508	-677	I10	995.7	-1601.4
1058	1711	-2044	I10	1105.4	-1701.4
1059	2013	-2740	I10	1130.1	-1737.3
1060	851	-1784	I10	1038.6	-1663.5
1061	-183	-455	I10	963.8	-1570.7
1062	624	-1002	I10	1019.0	-1624.3
1063	1778	-2347	I10	1086.9	-1706.3
1064	1661	-2283	I10	1057.1	-1655.2
1065	453	-1073	I10	963.5	-1535.8
1066	137	-336	I10	955.3	-1474.1
1067	1260	-1567	I10	1030.5	-1563.1
1068	1930	-2709	I10	1052.4	-1629.6
1069	1201	-2113	I10	971.2	-1566.9
1070	38	-828	I10	889.9	-1471.3
1071	547	-847	I10	962.9	-1510.5
1072	1779	-2213	I10	1078.4	-1631.6
1073	1909	-2707	I10	1091.5	-1667.6
1074	699	-1674	I10	995.3	-1606.7
1075	-111	-467	I10	938.9	-1546.1
1076	828	-1194	I10	1008.0	-1631.9
1077	1948	-2536	I10	1076.8	-1728.8
1078	1675	-2286	I10	1051.3	-1686.5
1079	479	-1001	I10	979.1	-1575.3
1080	381	-424	I10	1013.4	-1534.9
1081	1530	-1713	I10	1111.7	-1621.5
1082	2036	-2768	I10	1137.4	-1677.0
1083	1145	-2026	I10	1061.0	-1608.9
1084	32	-738	I10	994.3	-1515.3
1085	652	-985	I10	1070.6	-1567.1
1086	1851	-2361	I10	1172.9	-1683.8
1087	1851	-2650	I10	1163.2	-1695.2
1088	628	-1528	I10	1058.5	-1619.4
1089	-26	-509	I10	1008.0	-1570.2
1090	1004	-1430	I10	1070.3	-1670.8
1091	1975	-2770	I10	1114.8	-1776.5
1092	1548	-2314	I10	1066.0	-1731.1
1093	354	-1012	I10	986.9	-1629.7
1094	494	-610	I10	1033.1	-1616.9
1095	1648	-1923	I10	1132.7	-1710.7
1096	2012	-2764	I10	1148.8	-1751.0
1097	955	-1893	I10	1059.2	-1675.3
1098	-121	-597	I10	984.3	-1582.2
1099	585	-1003	I10	1045.4	-1631.6
1100	1731	-2337	I10	1118.1	-1722.3
1101	1721	-2414	I10	1092.7	-1686.7
1102	512	-1240	I10	989.1	-1579.3
1103	65	-385	I10	960.2	-1516.6
1104	1136	-1491	I10	1024.4	-1604.7
1105	1950	-2743	I10	1054.6	-1686.7
1106	1342	-2196	I10	987.6	-1629.9
1107	168	-890	I10	908.9	-1529.6
1108	542	-686	I10	975.2	-1538.5
1109	1783	-2053	I10	1095.0	-1643.5
1110	2027	-2705	I10	1124.6	-1680.3
1111	819	-1721	I10	1034.4	-1611.0
1112	-171	-399	I10	966.1	-1526.9
1113	668	-987	I10	1026.4	-1587.1
1114	1821	-2345	I10	1094.9	-1672.5
1115	1638	-2222	I10	1063.7	-1620.4
1116	407	-956	I10	970.2	-1496.4
1117	179	-270	I10	971.3	-1434.4
1118	1328	-1562	I10	1049.9	-1522.0
1119	1960	-2719	I10	1067.6	-1588.6
1120	1144	-2041	I10	979.3	-1522.2
1121	-43	-713	I10	893.1	-1421.4
1122	532	-860	I10	963.4	-1467.5
1123	1784	-2283	I10	1075.0	-1597.1
1124	1862	-2699	I10	1079.1	-1632.5
1125	610	-1598	I10	976.3	-1570.1
1126	-122	-469	I10	923.4	-1521.4
1127	862	-1297	I10	991.7	-1624.1
1128	1911	-2658	I10	1050.0	-1733.7
1129	1531	-2292	I10	1007.1	-1691.0
1130	338	-1000	I10	926.5	-1586.9
1131	366	-519	I10	967.4	-1567.5
1132	1548	-1844	I10	1069.0	-1665.9
1133	1987	-2790	I10	1089.3	-1716.6
1134	999	-1981	I10	1003.0	-1644.8
1135	-100	-671	I10	932.0	-1552.1
1136	564	-1013	I10	1000.6	-1606.5
1137	1736	-2372	I10	1088.0	-1714.0
1138	1736	-2545	I10	1070.5	-1702.7
1139	535	-1395	I10	970.9	-1613.0
1140	-14	-457	I10	935.7	-1558.7
1141	1051	-1475	I10	1004.2	-1654.3
1142	1920	-2752	I10	1041.4	-1745.1
1143	1396	-2247	I10	982.3	-1690.8
1144	214	-944	I10	903.8	-1587.1
1145	487	-666	I10	962.5	-1586.6
1146	1681	-1998	I10	1074.2	-1685.1
1147	1984	-2719	I10	1099.0	-1719.8
1148	866	-1801	I10	1012.0	-1645.4
1149	-152	-500	I10	943.3	-1555.9
1150	631	-1005	I10	1007.8	-1610.7
1151	1768	-2293	I10	1079.5	-1692.5
1152	1683	-2094	I10	1055.8	-1626.7
1153	514	-749	I10	967.6	-1476.9
1155	1316	-935	I10	1077.8	-1476.0
1156	2029	-1711	I10	1232.0	-1580.5
1157	1312	-736	I10	1195.1	-1454.3
1160	1929	-220	I10	1189.6	-1204.4
1161	2104	-384	I10	1313.4	-1062.7
1170	2148	-121	I10	1543.4	-1024.8
1193	2126	-89	I10	1692.9	-933.2
1207	1959	-167	I10	1712.0	-720.6
1211	2072	-686	I10	1750.9	-579.8
1212	1509	-390	I10	1850.4	-543.9
1215	1726	-461	I10	1891.4	-496.5
1216	2143	-1556	I10	1902.8	-481.0
1217	962	-825	I10	1867.8	-489.9
1219	765	-144	I10	1751.4	-482.3
1220	2020	-1736	I10	1743.0	-617.5
1221	1808	-1839	I10	1709.0	-789.3
1222	541	-713	I10	1550.5	-851.7
1224	1469	-1397	I10	1501.5	-974.7
1225	2148	-2664	I10	1509.1	-1172.5
1226	1313	-2009	I10	1489.5	-1334.4
1227	93	-674	I10	1326.2	-1355.7
1228	643	-846	I10	1176.2	-1284.7
1229	1892	-2290	I10	1269.2	-1431.2
1230	1970	-2698	I10	1389.7	-1686.6
1231	718	-1614	I10	1259.5	-1674.4
1232	-13	-510	I10	1077.4	-1541.5
1233	980	-1402	I10	1121.3	-1610.4
1234	1979	-2753	I10	1172.3	-1746.0
1235	1551	-2339	I10	1112.6	-1713.5
1236	313	-1019	I10	1012.6	-1614.5
1237	375	-555	I10	1040.8	-1602.6
1238	1564	-1904	I10	1132.9	-1708.4
1239	1981	-2800	I10	1141.8	-1759.4
1240	962	-1949	I10	1041.0	-1684.5
1241	-125	-613	I10	956.7	-1584.4
1242	550	-1008	I10	1013.0	-1634.2
1243	1712	-2351	I10	1086.2	-1729.1
1244	1712	-2458	I10	1059.5	-1699.6
1245	509	-1286	I10	955.3	-1594.3
1246	41	-405	I10	928.1	-1532.9
1247	1129	-1493	I10	1003.5	-1626.7
1248	1961	-2754	I10	1043.2	-1711.7
1249	1375	-2213	I10	982.6	-1653.0
1250	175	-893	I10	903.9	-1547.4
1251	510	-675	I10	967.4	-1553.6
1252	1747	-2036	I10	1087.1	-1656.4
1253	2011	-2703	I10	1117.0	-1691.6
1254	813	-1732	I10	1027.1	-1619.0
1255	-179	-425	I10	958.3	-1532.9
1256	639	-998	I10	1018.1	-1592.2
1257	1793	-2364	I10	1084.5	-1679.3
1258	1630	-2259	I10	1051.4	-1629.8
1259	416	-1019	I10	955.5	-1510.4
1260	148	-323	I10	952.8	-1453.4
1261	1274	-1577	I10	1029.2	-1543.6
1262	1924	-2721	I10	1046.9	-1612.1
1263	1171	-2091	I10	962.9	-1550.9
1264	24	-799	I10	884.0	-1457.6
1265	572	-864	I10	959.1	-1501.5
1266	1805	-2247	I10	1075.7	-1626.4
1267	1903	-2695	I10	1086.7	-1659.5
1268	694	-1634	I10	993.1	-1597.0
1269	-87	-469	I10	942.8	-1542.0
1270	865	-1253	I10	1014.5	-1635.0
1271	1955	-2624	I10	1082.6	-1739.7
1272	1619	-2310	I10	1052.1	-1698.6
1273	366	-995	I10	971.6	-1589.0
1274	354	-455	I10	1004.6	-1554.6
1275	1535	-1813	I10	1100.9	-1649.5
1276	2024	-2820	I10	1122.8	-1706.8
1277	1059	-2003	I10	1038.4	-1637.6
1278	-62	-673	I10	962.8	-1541.5
1279	590	-1003	I10	1030.5	-1594.9
1280	1813	-2384	I10	1125.3	-1708.0
1281	1813	-2595	I10	1111.1	-1705.1
1282	590	-1440	I10	1008.2	-1618.1
1283	39	-481	I10	975.5	-1566.7
1284	1075	-1494	I10	1047.6	-1670.6
1285	1970	-2799	I10	1091.1	-1769.2
1286	1435	-2285	I10	1032.2	-1715.7
1287	229	-976	I10	949.2	-1613.0
1288	449	-666	I10	1000.3	-1612.3
1289	1659	-2015	I10	1107.2	-1713.5
1290	1971	-2770	I10	1123.0	-1752.1
1291	841	-1838	I10	1025.8	-1676.4
1292	-205	-530	I10	946.3	-1585.4
1293	551	-1015	I10	997.5	-1638.8
1294	1696	-2345	I10	1059.6	-1723.9
1295	1618	-2336	I10	1024.4	-1677.6
1296	440	-1143	I10	924.9	-1563.4
1297	87	-367	I10	910.7	-1502.5
1298	1187	-1544	I10	984.5	-1590.3
1299	1906	-2722	I10	1009.2	-1661.0
1300	1244	-2150	I10	936.5	-1599.0
1301	76	-849	I10	860.0	-1500.1
1302	558	-778	I10	936.3	-1524.9
1303	1814	-2167	I10	1062.6	-1640.1
1304	1989	-2735	I10	1091.9	-1679.1
1305	766	-1681	I10	1006.7	-1613.6
1306	-101	-424	I10	952.6	-1541.7
1307	819	-1129	I10	1025.8	-1617.9
1308	1974	-2510	I10	1104.5	-1714.5
1309	1709	-2280	I10	1084.8	-1670.3
1310	431	-965	I10	1003.5	-1551.8
1311	327	-361	I10	1028.6	-1503.0
1312	1487	-1708	I10	1121.5	-1596.0
1313	2033	-2801	I10	1143.4	-1659.4
1314	1133	-2041	I10	1057.8	-1590.0
1315	-21	-729	I10	979.1	-1494.8
1316	587	-978	I10	1047.9	-1550.2
1317	1830	-2381	I10	1149.0	-1675.4
1318	1847	-2678	I10	1136.3	-1692.2
1319	607	-1540	I10	1026.1	-1618.2
1320	-20	-508	I10	981.0	-1572.5
1321	1001	-1446	I10	1048.4	-1681.0
1322	1964	-2775	I10	1096.1	-1787.7
1323	1519	-2312	I10	1044.7	-1738.8
1324	309	-1008	I10	962.3	-1635.5
1325	441	-610	I10	1008.5	-1623.6
1326	1609	-1940	I10	1110.7	-1719.8
1327	1969	-2763	I10	1124.6	-1758.0
1328	937	-1906	I10	1033.6	-1680.8
1329	-126	-616	I10	960.3	-1588.4
1330	580	-1021	I10	1020.3	-1639.7
1331	1705	-2334	I10	1090.7	-1728.5
1332	1705	-2411	I10	1064.8	-1692.1
1333	513	-1262	I10	964.2	-1587.1
1334	92	-413	I10	942.5	-1527.6
1335	1172	-1506	I10	1015.6	-1617.2
1336	1976	-2719	I10	1052.3	-1695.1
1337	1388	-2184	I10	994.2	-1637.2
1338	233	-862	I10	923.8	-1532.8
1339	590	-663	I10	995.4	-1537.5
1340	1767	-1808	I10	1114.1	-1616.2
1341	2023	-2185	I10	1145.9	-1601.3
1342	861	-997	I10	1061.5	-1459.9
1345	1945	-1044	I10	1204.7	-1438.1
1346	1717	-515	I10	1367.2	-1448.3
1350	2139	-368	I10	1463.9	-1334.5
1373	2183	-157	I10	1484.6	-1078.3
1382	2137	-111	I10	1559.5	-871.0
1396	2159	-106	I10	1752.1	-795.4
1405	2119	-677	I10	1905.0	-796.8
1406	1401	-334	I10	1868.4	-649.4
1409	1851	-713	I10	1851.2	-502.2
1410	2146	-1665	I10	1979.7	-569.0
1411	800	-807	I10	1865.2	-545.3
1413	970	-540	I10	1790.5	-547.8
1414	2151	-2166	I10	1791.7	-727.6
1415	1744	-2018	I10	1747.8	-913.7
1416	423	-710	I10	1576.4	-973.6
1417	394	-185	I10	1399.9	-981.5
1418	1675	-1662	I10	1355.5	-1080.0
1419	2168	-2690	I10	1432.2	-1315.6
1420	1152	-1874	I10	1362.3	-1431.7
1421	3	-513	I10	1148.0	-1316.5
1422	678	-941	I10	1135.8	-1329.9
1423	1912	-2389	I10	1230.0	-1514.8
1424	1875	-2520	I10	1202.4	-1550.2
1425	622	-1338	I10	1090.2	-1482.2
1426	134	-456	I10	1061.3	-1456.8
1427	1222	-1579	I10	1144.1	-1596.2
1428	2032	-2831	I10	1179.8	-1713.1
1429	1422	-2283	I10	1105.2	-1672.4
1430	194	-935	I10	1009.4	-1578.5
1431	550	-702	I10	1064.1	-1597.4
1432	1768	-2066	I10	1173.1	-1709.9
1433	1994	-2673	I10	1181.3	-1738.3
1434	807	-1700	I10	1074.5	-1656.3
1435	-148	-388	I10	997.5	-1561.3
1436	702	-996	I10	1054.3	-1615.3
1437	1867	-2367	I10	1118.8	-1694.1
1438	1667	-2232	I10	1082.3	-1634.2
1439	430	-961	I10	983.1	-1502.0
1440	234	-291	I10	987.1	-1437.6
1441	1370	-1599	I10	1069.1	-1527.3
1442	2001	-2741	I10	1092.4	-1594.8
1443	1179	-2065	I10	1010.9	-1534.0
1444	1	-726	I10	930.3	-1436.6
1445	595	-908	I10	1004.6	-1488.6
1446	1863	-2342	I10	1120.7	-1623.2
1447	1928	-2730	I10	1126.8	-1659.5
1448	681	-1601	I10	1028.2	-1596.4
1449	-58	-487	I10	979.4	-1549.0
1450	959	-1378	I10	1051.9	-1657.7
1451	1998	-2774	I10	1114.7	-1775.2
1452	1561	-2362	I10	1070.7	-1737.3
1453	316	-1004	I10	984.4	-1631.2
1454	395	-536	I10	1023.8	-1612.2
1455	1582	-1886	I10	1122.5	-1710.0
1456	1991	-2794	I10	1135.3	-1755.2
1457	972	-1923	I10	1039.7	-1674.5
1458	-137	-608	I10	957.9	-1575.2
1459	586	-984	I10	1022.3	-1624.9
1460	1742	-2335	I10	1100.6	-1720.6
1461	1742	-2439	I10	1075.0	-1687.1
1462	526	-1272	I10	971.5	-1578.1
1463	44	-408	I10	944.3	-1518.5
1464	1095	-1470	I10	1014.3	-1611.9
1465	1931	-2723	I10	1049.2	-1695.6
1466	1371	-2193	I10	987.2	-1635.5
1467	181	-903	I10	908.1	-1533.5
1468	513	-674	I10	973.1	-1540.1
1469	1693	-2013	I10	1083.8	-1643.0
1470	1957	-2683	I10	1105.3	-1677.8
1471	809	-1746	I10	1012.0	-1608.5
1472	-160	-459	I10	943.4	-1527.2
1473	650	-999	I10	1004.0	-1586.3
1474	1803	-2355	I10	1074.8	-1674.8
1475	1657	-2273	I10	1047.4	-1629.8
1476	435	-1032	I10	953.8	-1513.7
1477	158	-310	I10	951.5	-1454.4
1478	1276	-1554	I10	1027.8	-1542.4
1479	1958	-2727	I10	1054.3	-1613.8
1480	1223	-2117	I10	980.9	-1557.2
1481	44	-807	I10	904.4	-1463.3
1482	554	-825	I10	975.8	-1499.9
1483	1792	-2209	I10	1090.0	-1620.9
1484	1909	-2695	I10	1100.6	-1654.9
1485	709	-1640	I10	1005.8	-1591.6
1486	-93	-462	I10	953.0	-1534.6
1487	850	-1232	I10	1022.2	-1626.8
1488	1956	-2601	I10	1090.2	-1731.5
1489	1622	-2307	I10	1056.6	-1689.5
1490	389	-991	I10	973.2	-1576.9
1491	335	-430	I10	1002.3	-1539.2
1492	1533	-1775	I10	1100.2	-1634.2
1493	2032	-2826	I10	1124.2	-1695.9
1494	1100	-2035	I10	1043.3	-1629.9
1495	-29	-730	I10	969.5	-1538.9
1496	605	-1012	I10	1039.3	-1593.9
1497	1800	-2359	I10	1134.3	-1706.6
1498	1800	-2602	I10	1118.7	-1706.7
1499	612	-1488	I10	1017.7	-1624.8
1500	16	-503	I10	980.4	-1576.0
1501	1035	-1468	I10	1050.4	-1679.8
1502	1950	-2776	I10	1092.1	-1779.9
1503	1473	-2288	I10	1036.2	-1726.1
1504	301	-988	I10	956.3	-1621.4
1505	495	-633	I10	1008.7	-1611.7
1506	1682	-1973	I10	1116.4	-1707.8
1507	2031	-2789	I10	1139.5	-1750.8
1508	948	-1887	I10	1054.3	-1679.3
1509	-122	-562	I10	980.9	-1586.7
1510	629	-1019	I10	1042.2	-1638.3
1511	1783	-2367	I10	1117.0	-1728.2
1512	1740	-2400	I10	1096.0	-1690.6
1513	516	-1199	I10	1000.3	-1581.7
1514	103	-387	I10	980.5	-1521.6
1515	1182	-1533	I10	1049.2	-1611.6
1516	1945	-2747	I10	1075.5	-1689.0
1517	1301	-2169	I10	1002.5	-1627.0
1518	105	-850	I10	918.2	-1523.3
1519	543	-697	I10	984.7	-1536.8
1520	1756	-2061	I10	1097.4	-1641.0
1521	1967	-2650	I10	1115.8	-1669.3
1522	764	-1650	I10	1018.2	-1594.3
1523	-125	-365	I10	954.1	-1510.9
1524	739	-1000	I10	1017.7	-1572.2
1525	1868	-2345	I10	1086.3	-1653.4
1526	1682	-2179	I10	1060.0	-1596.6
1527	483	-945	I10	978.2	-1474.2
1528	347	-310	I10	1002.4	-1420.2
1529	1450	-1473	I10	1093.1	-1497.8
1530	2048	-2248	I10	1122.3	-1516.5
1531	1244	-1261	I10	1050.0	-1377.6
1534	1875	-879	I10	1161.1	-1300.5
1535	1948	-843	I10	1368.4	-1348.3
1539	2075	-107	I10	1502.0	-1259.0
1544	2137	-153	I10	1528.9	-1039.8
1567	2110	-138	I10	1571.7	-835.7
1572	1726	-181	I10	1696.0	-759.3
1576	2027	-1016	I10	1864.0	-829.9
1577	1278	-622	I10	1846.8	-744.8
1580	1892	-1090	I10	1831.2	-629.0
1581	2117	-1859	I10	1918.5	-688.8
1582	827	-916	I10	1813.7	-692.5
1584	1005	-688	I10	1719.4	-677.0
1585	2114	-2230	I10	1723.3	-889.3
1586	1715	-1999	I10	1681.1	-1073.9
1587	428	-769	I10	1512.9	-1137.0
1588	434	-295	I10	1383.7	-1148.4
1589	1650	-1679	I10	1346.0	-1214.7
1590	2084	-2640	I10	1426.6	-1416.5
1591	1070	-1843	I10	1344.4	-1491.8
1592	-23	-555	I10	1130.4	-1361.4
1593	666	-932	I10	1114.3	-1363.0
1594	1848	-2309	I10	1198.6	-1525.1
1595	1848	-2445	I10	1172.0	-1546.6
1596	629	-1309	I10	1063.4	-1477.6
1597	132	-411	I10	1033.8	-1441.8
1598	1200	-1489	I10	1110.4	-1561.2
1599	2024	-2740	I10	1147.8	-1667.3
1600	1458	-2223	I10	1085.2	-1625.6
1601	261	-924	I10	1004.3	-1533.7
1602	577	-667	I10	1064.3	-1544.9
1603	1788	-2040	I10	1176.5	-1655.7
1604	2057	-2687	I10	1197.4	-1693.5
1605	875	-1744	I10	1100.1	-1623.4
1606	-113	-452	I10	1025.9	-1537.7
1607	689	-1003	I10	1081.6	-1596.9
1608	1833	-2337	I10	1144.9	-1681.7
1609	1687	-2270	I10	1111.2	-1634.7
1610	468	-1051	I10	1012.2	-1517.5
1611	192	-324	I10	1005.3	-1457.5
1612	1275	-1555	I10	1075.1	-1546.3
1613	1928	-2683	I10	1089.1	-1610.6
1614	1187	-2081	I10	1002.1	-1550.0
1615	47	-803	I10	919.3	-1455.9
1616	563	-816	I10	986.9	-1492.3
1617	1768	-2177	I10	1094.8	-1609.7
1618	1893	-2667	I10	1100.8	-1642.7
1619	683	-1624	I10	1000.4	-1578.1
1620	-99	-434	I10	943.7	-1516.4
1621	854	-1193	I10	1009.9	-1603.3
1622	1972	-2566	I10	1079.6	-1704.4
1623	1650	-2287	I10	1051.8	-1664.8
1624	424	-971	I10	975.5	-1553.8
1625	356	-402	I10	1006.4	-1513.7
1626	1552	-1760	I10	1105.3	-1608.1
1627	2077	-2821	I10	1136.2	-1672.5
1628	1132	-2027	I10	1060.1	-1608.5
1629	21	-695	I10	993.9	-1515.6
1630	628	-984	I10	1066.6	-1570.6
1631	1841	-2369	I10	1165.3	-1688.2
1632	1841	-2613	I10	1152.2	-1692.9
1633	620	-1442	I10	1049.2	-1608.4
1634	35	-468	I10	1010.3	-1558.1
1635	1113	-1468	I10	1086.0	-1664.7
1636	2007	-2797	I10	1131.5	-1768.4
1637	1498	-2282	I10	1073.6	-1714.5
1638	290	-952	I10	989.4	-1607.0
1639	493	-611	I10	1036.6	-1598.6
1640	1724	-1968	I10	1146.2	-1697.0
1641	2045	-2750	I10	1166.6	-1735.1
1642	938	-1820	I10	1076.3	-1655.8
1643	-113	-527	I10	1003.0	-1564.3
1644	641	-1000	I10	1063.6	-1617.5
1645	1769	-2326	I10	1129.2	-1703.3
1646	1699	-2320	I10	1098.4	-1655.6
1647	518	-1124	I10	1000.4	-1539.8
1648	157	-346	I10	987.1	-1479.2
1649	1235	-1491	I10	1061.3	-1567.2
1650	1963	-2685	I10	1085.2	-1638.9
1651	1313	-2122	I10	1012.0	-1576.1
1652	169	-847	I10	935.1	-1478.8
1653	580	-711	I10	1004.4	-1497.2
1654	1778	-2043	I10	1118.1	-1601.5
1655	1962	-2631	I10	1137.4	-1632.0
1656	797	-1642	I10	1047.2	-1564.2
1657	-98	-379	I10	985.6	-1489.7
1658	772	-1015	I10	1047.1	-1556.6
1659	1897	-2369	I10	1113.3	-1644.4
1660	1685	-2199	I10	1085.5	-1595.8
1661	482	-931	I10	1002.4	-1476.7
1662	315	-287	I10	1017.0	-1420.7
1663	1476	-1599	I10	1106.6	-1509.5
1664	2075	-2744	I10	1136.3	-1579.6
1665	1249	-2046	I10	1065.0	-1521.1
1666	84	-730	I10	993.7	-1429.9
1667	640	-905	I10	1067.5	-1482.5
1668	1861	-2289	I10	1176.4	-1609.9
1669	1922	-2682	I10	1178.9	-1641.2
1670	710	-1580	I10	1081.4	-1579.3
1671	1	-486	I10	1033.3	-1534.8
1672	1002	-1370	I10	1102.0	-1643.1
1673	2026	-2744	I10	1157.0	-1757.6
1674	1621	-2330	I10	1111.6	-1716.2
1675	401	-1003	I10	1026.8	-1611.9
1676	464	-542	I10	1064.8	-1593.1
1677	1658	-1882	I10	1166.6	-1690.8
1678	2080	-2820	I10	1188.5	-1743.9
1679	1068	-1969	I10	1103.1	-1672.6
1680	-18	-663	I10	1030.3	-1580.9
1681	648	-1021	I10	1095.0	-1634.4
1682	1781	-2334	I10	1172.9	-1730.8
1683	1781	-2478	I10	1148.4	-1704.2
1684	598	-1332	I10	1046.1	-1604.4
1685	105	-444	I10	1016.5	-1548.5
1686	1125	-1460	I10	1082.6	-1640.3
1687	1962	-2719	I10	1113.0	-1724.0
1688	1439	-2218	I10	1048.9	-1663.8
1689	304	-948	I10	972.5	-1561.7
1690	560	-687	I10	1030.3	-1564.1
1691	1731	-1987	I10	1138.6	-1660.7
1692	2013	-2712	I10	1161.8	-1698.5
1693	909	-1806	I10	1074.6	-1631.3
1694	-98	-536	I10	1005.0	-1551.7
1695	667	-1037	I10	1061.2	-1611.0
1696	1801	-2369	I10	1128.8	-1701.9
1697	1714	-2341	I10	1104.0	-1664.1
1698	508	-1125	I10	1010.9	-1554.8
1699	172	-355	I10	997.7	-1495.5
1700	1256	-1540	I10	1067.3	-1580.8
1701	1981	-2737	I10	1092.3	-1655.8
1702	1312	-2144	I10	1022.2	-1599.0
1703	132	-823	I10	944.5	-1500.7
1704	567	-723	I10	1011.0	-1519.4
1705	1778	-2075	I10	1122.1	-1623.2
1706	1961	-2636	I10	1138.1	-1649.9
1707	762	-1634	I10	1042.9	-1579.2
1708	-94	-393	I10	982.7	-1506.0
1709	790	-1078	I10	1044.5	-1578.3
1710	1947	-2436	I10	1113.6	-1667.9
1711	1696	-2219	I10	1085.1	-1616.1
1712	457	-938	I10	999.6	-1495.5
1713	317	-335	I10	1018.1	-1446.7
1714	1486	-1666	I10	1110.0	-1541.0
1715	2048	-2778	I10	1137.0	-1611.3
1716	1192	-2046	I10	1060.1	-1552.3
1717	59	-724	I10	989.8	-1461.3
1718	642	-948	I10	1063.4	-1516.8
1719	1854	-2339	I10	1169.8	-1642.9
1720	1869	-2659	I10	1162.0	-1665.2
1721	637	-1542	I10	1056.1	-1597.5
1722	-11	-492	I10	1009.3	-1552.9
1723	1020	-1409	I10	1079.6	-1660.3
1724	2012	-2766	I10	1132.2	-1770.3
1725	1595	-2312	I10	1086.9	-1723.7
1726	374	-1012	I10	1005.1	-1620.3
1727	474	-589	I10	1046.6	-1606.8
1728	1662	-1925	I10	1148.6	-1704.5
1729	2047	-2772	I10	1167.9	-1747.8
1730	1033	-1786	I10	1084.3	-1660.5
1731	4	-438	I10	1021.0	-1550.1
1732	722	-688	I10	1094.3	-1569.7
1733	1863	-1636	I10	1178.6	-1592.4
1734	1814	-1280	I10	1158.8	-1443.8
1738	2119	-675	I10	1211.2	-1280.1
1752	2179	-109	I10	1391.7	-1189.8
1775	2206	-89	I10	1564.9	-1139.8
1784	2081	-128	I10	1606.8	-960.1
1798	2138	-146	I10	1615.9	-697.5
1821	2141	-110	I10	1726.7	-529.9
