	X	Y	Label	avgX	avgY	meanX	meanY
97	2030	-96	I5			"<bound method Series.mean of 97      2030
313     2151
487     2086
501     2145
652     2126
886     2049
891     1981
895     2079
900     2162
1042    2091
1047    1971
1051    2125
1198    2131
1207    1988
1386    2187
1491    1985
1492    1688
1531    2020
Name: X, dtype: int64>"	"<bound method Series.mean of 97      -96
313    -131
487    -124
501    -111
652    -158
886    -216
891    -128
895    -229
900    -211
1042   -184
1047    -97
1051   -237
1198   -131
1207   -107
1386   -107
1491   -342
1492   -522
1531    -97
Name: Y, dtype: int64>"
313	2151	-131	I5			"<bound method Series.mean of 97      2030
313     2151
487     2086
501     2145
652     2126
886     2049
891     1981
895     2079
900     2162
1042    2091
1047    1971
1051    2125
1198    2131
1207    1988
1386    2187
1491    1985
1492    1688
1531    2020
Name: X, dtype: int64>"	"<bound method Series.mean of 97      -96
313    -131
487    -124
501    -111
652    -158
886    -216
891    -128
895    -229
900    -211
1042   -184
1047    -97
1051   -237
1198   -131
1207   -107
1386   -107
1491   -342
1492   -522
1531    -97
Name: Y, dtype: int64>"
487	2086	-124	I5			"<bound method Series.mean of 97      2030
313     2151
487     2086
501     2145
652     2126
886     2049
891     1981
895     2079
900     2162
1042    2091
1047    1971
1051    2125
1198    2131
1207    1988
1386    2187
1491    1985
1492    1688
1531    2020
Name: X, dtype: int64>"	"<bound method Series.mean of 97      -96
313    -131
487    -124
501    -111
652    -158
886    -216
891    -128
895    -229
900    -211
1042   -184
1047    -97
1051   -237
1198   -131
1207   -107
1386   -107
1491   -342
1492   -522
1531    -97
Name: Y, dtype: int64>"
501	2145	-111	I5			"<bound method Series.mean of 97      2030
313     2151
487     2086
501     2145
652     2126
886     2049
891     1981
895     2079
900     2162
1042    2091
1047    1971
1051    2125
1198    2131
1207    1988
1386    2187
1491    1985
1492    1688
1531    2020
Name: X, dtype: int64>"	"<bound method Series.mean of 97      -96
313    -131
487    -124
501    -111
652    -158
886    -216
891    -128
895    -229
900    -211
1042   -184
1047    -97
1051   -237
1198   -131
1207   -107
1386   -107
1491   -342
1492   -522
1531    -97
Name: Y, dtype: int64>"
652	2126	-158	I5			"<bound method Series.mean of 97      2030
313     2151
487     2086
501     2145
652     2126
886     2049
891     1981
895     2079
900     2162
1042    2091
1047    1971
1051    2125
1198    2131
1207    1988
1386    2187
1491    1985
1492    1688
1531    2020
Name: X, dtype: int64>"	"<bound method Series.mean of 97      -96
313    -131
487    -124
501    -111
652    -158
886    -216
891    -128
895    -229
900    -211
1042   -184
1047    -97
1051   -237
1198   -131
1207   -107
1386   -107
1491   -342
1492   -522
1531    -97
Name: Y, dtype: int64>"
886	2049	-216	I5			"<bound method Series.mean of 97      2030
313     2151
487     2086
501     2145
652     2126
886     2049
891     1981
895     2079
900     2162
1042    2091
1047    1971
1051    2125
1198    2131
1207    1988
1386    2187
1491    1985
1492    1688
1531    2020
Name: X, dtype: int64>"	"<bound method Series.mean of 97      -96
313    -131
487    -124
501    -111
652    -158
886    -216
891    -128
895    -229
900    -211
1042   -184
1047    -97
1051   -237
1198   -131
1207   -107
1386   -107
1491   -342
1492   -522
1531    -97
Name: Y, dtype: int64>"
891	1981	-128	I5			"<bound method Series.mean of 97      2030
313     2151
487     2086
501     2145
652     2126
886     2049
891     1981
895     2079
900     2162
1042    2091
1047    1971
1051    2125
1198    2131
1207    1988
1386    2187
1491    1985
1492    1688
1531    2020
Name: X, dtype: int64>"	"<bound method Series.mean of 97      -96
313    -131
487    -124
501    -111
652    -158
886    -216
891    -128
895    -229
900    -211
1042   -184
1047    -97
1051   -237
1198   -131
1207   -107
1386   -107
1491   -342
1492   -522
1531    -97
Name: Y, dtype: int64>"
895	2079	-229	I5			"<bound method Series.mean of 97      2030
313     2151
487     2086
501     2145
652     2126
886     2049
891     1981
895     2079
900     2162
1042    2091
1047    1971
1051    2125
1198    2131
1207    1988
1386    2187
1491    1985
1492    1688
1531    2020
Name: X, dtype: int64>"	"<bound method Series.mean of 97      -96
313    -131
487    -124
501    -111
652    -158
886    -216
891    -128
895    -229
900    -211
1042   -184
1047    -97
1051   -237
1198   -131
1207   -107
1386   -107
1491   -342
1492   -522
1531    -97
Name: Y, dtype: int64>"
900	2162	-211	I5			"<bound method Series.mean of 97      2030
313     2151
487     2086
501     2145
652     2126
886     2049
891     1981
895     2079
900     2162
1042    2091
1047    1971
1051    2125
1198    2131
1207    1988
1386    2187
1491    1985
1492    1688
1531    2020
Name: X, dtype: int64>"	"<bound method Series.mean of 97      -96
313    -131
487    -124
501    -111
652    -158
886    -216
891    -128
895    -229
900    -211
1042   -184
1047    -97
1051   -237
1198   -131
1207   -107
1386   -107
1491   -342
1492   -522
1531    -97
Name: Y, dtype: int64>"
1042	2091	-184	I5	2090.0	-158.8	"<bound method Series.mean of 97      2030
313     2151
487     2086
501     2145
652     2126
886     2049
891     1981
895     2079
900     2162
1042    2091
1047    1971
1051    2125
1198    2131
1207    1988
1386    2187
1491    1985
1492    1688
1531    2020
Name: X, dtype: int64>"	"<bound method Series.mean of 97      -96
313    -131
487    -124
501    -111
652    -158
886    -216
891    -128
895    -229
900    -211
1042   -184
1047    -97
1051   -237
1198   -131
1207   -107
1386   -107
1491   -342
1492   -522
1531    -97
Name: Y, dtype: int64>"
1047	1971	-97	I5	2084.1	-158.9	"<bound method Series.mean of 97      2030
313     2151
487     2086
501     2145
652     2126
886     2049
891     1981
895     2079
900     2162
1042    2091
1047    1971
1051    2125
1198    2131
1207    1988
1386    2187
1491    1985
1492    1688
1531    2020
Name: X, dtype: int64>"	"<bound method Series.mean of 97      -96
313    -131
487    -124
501    -111
652    -158
886    -216
891    -128
895    -229
900    -211
1042   -184
1047    -97
1051   -237
1198   -131
1207   -107
1386   -107
1491   -342
1492   -522
1531    -97
Name: Y, dtype: int64>"
1051	2125	-237	I5	2081.5	-169.5	"<bound method Series.mean of 97      2030
313     2151
487     2086
501     2145
652     2126
886     2049
891     1981
895     2079
900     2162
1042    2091
1047    1971
1051    2125
1198    2131
1207    1988
1386    2187
1491    1985
1492    1688
1531    2020
Name: X, dtype: int64>"	"<bound method Series.mean of 97      -96
313    -131
487    -124
501    -111
652    -158
886    -216
891    -128
895    -229
900    -211
1042   -184
1047    -97
1051   -237
1198   -131
1207   -107
1386   -107
1491   -342
1492   -522
1531    -97
Name: Y, dtype: int64>"
1198	2131	-131	I5	2086.0	-170.2	"<bound method Series.mean of 97      2030
313     2151
487     2086
501     2145
652     2126
886     2049
891     1981
895     2079
900     2162
1042    2091
1047    1971
1051    2125
1198    2131
1207    1988
1386    2187
1491    1985
1492    1688
1531    2020
Name: X, dtype: int64>"	"<bound method Series.mean of 97      -96
313    -131
487    -124
501    -111
652    -158
886    -216
891    -128
895    -229
900    -211
1042   -184
1047    -97
1051   -237
1198   -131
1207   -107
1386   -107
1491   -342
1492   -522
1531    -97
Name: Y, dtype: int64>"
1207	1988	-107	I5	2070.3	-169.8	"<bound method Series.mean of 97      2030
313     2151
487     2086
501     2145
652     2126
886     2049
891     1981
895     2079
900     2162
1042    2091
1047    1971
1051    2125
1198    2131
1207    1988
1386    2187
1491    1985
1492    1688
1531    2020
Name: X, dtype: int64>"	"<bound method Series.mean of 97      -96
313    -131
487    -124
501    -111
652    -158
886    -216
891    -128
895    -229
900    -211
1042   -184
1047    -97
1051   -237
1198   -131
1207   -107
1386   -107
1491   -342
1492   -522
1531    -97
Name: Y, dtype: int64>"
1386	2187	-107	I5	2076.4	-164.7	"<bound method Series.mean of 97      2030
313     2151
487     2086
501     2145
652     2126
886     2049
891     1981
895     2079
900     2162
1042    2091
1047    1971
1051    2125
1198    2131
1207    1988
1386    2187
1491    1985
1492    1688
1531    2020
Name: X, dtype: int64>"	"<bound method Series.mean of 97      -96
313    -131
487    -124
501    -111
652    -158
886    -216
891    -128
895    -229
900    -211
1042   -184
1047    -97
1051   -237
1198   -131
1207   -107
1386   -107
1491   -342
1492   -522
1531    -97
Name: Y, dtype: int64>"
1491	1985	-342	I5	2070.0	-177.3	"<bound method Series.mean of 97      2030
313     2151
487     2086
501     2145
652     2126
886     2049
891     1981
895     2079
900     2162
1042    2091
1047    1971
1051    2125
1198    2131
1207    1988
1386    2187
1491    1985
1492    1688
1531    2020
Name: X, dtype: int64>"	"<bound method Series.mean of 97      -96
313    -131
487    -124
501    -111
652    -158
886    -216
891    -128
895    -229
900    -211
1042   -184
1047    -97
1051   -237
1198   -131
1207   -107
1386   -107
1491   -342
1492   -522
1531    -97
Name: Y, dtype: int64>"
1492	1688	-522	I5	2040.7	-216.7	"<bound method Series.mean of 97      2030
313     2151
487     2086
501     2145
652     2126
886     2049
891     1981
895     2079
900     2162
1042    2091
1047    1971
1051    2125
1198    2131
1207    1988
1386    2187
1491    1985
1492    1688
1531    2020
Name: X, dtype: int64>"	"<bound method Series.mean of 97      -96
313    -131
487    -124
501    -111
652    -158
886    -216
891    -128
895    -229
900    -211
1042   -184
1047    -97
1051   -237
1198   -131
1207   -107
1386   -107
1491   -342
1492   -522
1531    -97
Name: Y, dtype: int64>"
1531	2020	-97	I5	2034.8	-203.5	"<bound method Series.mean of 97      2030
313     2151
487     2086
501     2145
652     2126
886     2049
891     1981
895     2079
900     2162
1042    2091
1047    1971
1051    2125
1198    2131
1207    1988
1386    2187
1491    1985
1492    1688
1531    2020
Name: X, dtype: int64>"	"<bound method Series.mean of 97      -96
313    -131
487    -124
501    -111
652    -158
886    -216
891    -128
895    -229
900    -211
1042   -184
1047    -97
1051   -237
1198   -131
1207   -107
1386   -107
1491   -342
1492   -522
1531    -97
Name: Y, dtype: int64>"
