	X	Y	Label	meanY	avgX	avgY
1	2192	-166	I7	1013.0		
33	2205	-138	I7	1033.5		
42	2095	-132	I7	981.5		
56	2146	-106	I7	1020.0		
65	2120	-99	I7	1010.5		
74	2083	-95	I7	994.0		
88	2117	-137	I7	990.0		
97	2006	-198	I7	904.0		
111	2181	-137	I7	1022.0		
120	2213	-161	I7	1026.0	2135.8	-136.9
129	2116	-135	I7	990.5	2128.2	-133.8
143	2104	-132	I7	986.0	2118.1	-133.2
152	2113	-136	I7	988.5	2119.9	-133.6
161	2108	-145	I7	981.5	2116.1	-137.5
166	2109	-97	I7	1006.0	2115.0	-137.3
175	2126	-149	I7	988.5	2119.3	-142.7
184	2065	-128	I7	968.5	2114.1	-141.8
207	2101	-148	I7	976.5	2123.6	-136.8
216	2138	-268	I7	935.0	2119.3	-149.9
221	2146	-363	I7	891.5	2112.6	-170.1
225	2089	-323	I7	883.0	2109.9	-188.9
226	1727	-193	I7	767.0	2072.2	-195.0
230	2147	-987	I7	580.0	2075.6	-280.1
231	1126	-268	I7	429.0	1977.4	-292.4
234	1907	-841	I7	533.0	1957.2	-366.8
235	1847	-1096	I7	375.5	1929.3	-461.5
238	1283	-276	I7	503.5	1851.1	-476.3
239	2161	-1656	I7	252.5	1857.1	-627.1
240	1401	-1032	I7	184.5	1783.4	-703.5
243	1969	-1062	I7	453.5	1765.7	-773.4
244	2204	-1575	I7	314.5	1777.2	-898.6
245	807	-389	I7	209.0	1685.2	-918.2
248	2151	-1138	I7	506.5	1685.6	-933.3
249	1625	-541	I7	542.0	1735.5	-960.6
253	2137	-727	I7	705.0	1758.5	-949.2
257	2030	-436	I7	797.0	1776.8	-883.2
258	1790	-552	I7	619.0	1827.5	-910.8
262	2152	-1405	I7	373.5	1826.6	-885.7
263	1194	-745	I7	224.5	1805.9	-857.0
266	1938	-1260	I7	339.0	1802.8	-876.8
267	2005	-1628	I7	188.5	1782.9	-882.1
268	607	-456	I7	75.5	1762.9	-888.8
270	1170	-602	I7	284.0	1664.8	-835.2
271	2141	-2067	I7	37.0	1716.4	-987.8
272	1473	-1506	I7	-16.5	1650.0	-1065.7
273	150	-97	I7	26.5	1462.0	-1031.8
275	1889	-1365	I7	262.0	1471.9	-1113.1
276	2168	-2021	I7	73.5	1473.5	-1174.7
277	820	-939	I7	-59.5	1436.1	-1194.1
279	897	-421	I7	238.0	1332.0	-1110.2
280	2110	-1848	I7	131.0	1342.5	-1132.2
281	1707	-1502	I7	102.5	1452.5	-1236.8
282	363	-96	I7	133.5	1371.8	-1186.2
284	1629	-1028	I7	300.5	1320.6	-1082.3
285	2181	-2034	I7	73.5	1391.4	-1135.1
286	1129	-1120	I7	4.5	1489.3	-1237.4
289	1949	-1536	I7	206.5	1495.3	-1254.5
290	1881	-1628	I7	126.5	1466.6	-1215.2
291	568	-388	I7	90.0	1441.4	-1160.1
293	1260	-702	I7	279.0	1477.7	-1188.2
294	2090	-1986	I7	52.0	1475.7	-1202.0
295	1353	-1328	I7	12.5	1440.3	-1184.6
298	1940	-1383	I7	278.5	1598.0	-1313.3
299	2159	-1933	I7	113.0	1651.0	-1403.8
300	808	-793	I7	7.5	1513.7	-1279.7
302	1039	-468	I7	285.5	1504.7	-1214.5
303	2181	-1907	I7	137.0	1527.9	-1251.6
304	1729	-1496	I7	116.5	1512.7	-1238.4
305	398	-104	I7	147.0	1495.7	-1210.0
307	1695	-1053	I7	321.0	1539.2	-1245.1
308	2148	-1964	I7	92.0	1545.0	-1242.9
309	1093	-1065	I7	14.0	1519.0	-1216.6
311	664	-151	I7	256.5	1391.4	-1093.4
312	1879	-1507	I7	186.0	1363.4	-1050.8
313	1789	-1544	I7	122.5	1461.5	-1125.9
314	543	-350	I7	96.5	1411.9	-1114.1
316	1293	-728	I7	282.5	1323.1	-996.2
317	2090	-1990	I7	50.0	1359.2	-1045.6
318	1363	-1352	I7	5.5	1455.7	-1170.4
321	1940	-1361	I7	289.5	1480.2	-1201.2
322	2137	-1934	I7	101.5	1479.1	-1198.2
323	824	-812	I7	6.0	1452.2	-1172.9
325	1020	-487	I7	266.5	1487.8	-1206.5
326	2173	-1927	I7	123.0	1517.2	-1248.5
327	1712	-1509	I7	101.5	1509.5	-1245.0
328	362	-98	I7	132.0	1491.4	-1219.8
330	1726	-1112	I7	307.0	1534.7	-1258.2
331	2208	-2037	I7	85.5	1546.5	-1262.9
332	1110	-1068	I7	21.0	1521.2	-1234.5
334	708	-112	I7	298.0	1398.0	-1109.6
335	1954	-1516	I7	219.0	1379.7	-1067.8
336	1828	-1511	I7	158.5	1480.1	-1137.7
337	539	-272	I7	133.5	1432.0	-1116.2
339	1326	-692	I7	317.0	1347.3	-992.7
340	2086	-1935	I7	75.5	1384.7	-1035.3
341	1306	-1251	I7	27.5	1479.1	-1150.6
344	1925	-1419	I7	253.0	1499.0	-1181.3
345	2095	-1900	I7	97.5	1487.7	-1167.6
346	744	-746	I7	-1.0	1451.1	-1135.4
348	1023	-514	I7	254.5	1482.6	-1175.6
349	2118	-1943	I7	87.5	1499.0	-1218.3
350	1629	-1466	I7	81.5	1479.1	-1213.8
353	1731	-1133	I7	299.0	1598.3	-1299.9
354	2161	-1955	I7	103.0	1681.8	-1426.2
355	998	-949	I7	24.5	1573.0	-1327.6
358	2084	-1306	I7	389.0	1650.8	-1333.1
359	1848	-1006	I7	421.0	1643.1	-1291.8
363	2169	-893	I7	638.0	1650.5	-1191.1
372	2161	-158	I7	1001.5	1792.2	-1132.3
386	2145	-99	I7	1023.0	1904.4	-1090.8
395	2063	-110	I7	976.5	1898.9	-907.5
409	2114	-131	I7	991.5	1947.4	-774.0
418	2188	-333	I7	927.5	1993.1	-694.0
422	1907	-112	I7	897.5	1967.7	-509.7
423	1881	-499	I7	691.0	2056.0	-464.7
427	2061	-1105	I7	478.0	2053.7	-444.6
428	1340	-613	I7	363.5	2002.9	-405.3
431	1890	-775	I7	557.5	1975.0	-393.5
432	2144	-1510	I7	317.0	1973.3	-528.7
433	765	-478	I7	143.5	1835.3	-566.6
435	979	-189	I7	395.0	1726.9	-574.5
436	2156	-1695	I7	230.5	1731.1	-730.9
437	1659	-1313	I7	173.0	1678.2	-828.9
440	1696	-908	I7	394.0	1657.1	-908.5
441	2158	-1854	I7	152.0	1684.8	-1044.0
442	1013	-926	I7	43.5	1580.0	-1026.1
445	1979	-1561	I7	209.0	1643.9	-1120.9
446	1795	-1624	I7	85.5	1634.4	-1205.8
447	484	-426	I7	29.0	1468.4	-1097.4
449	1351	-983	I7	184.0	1527.0	-1147.9
450	2095	-2287	I7	-96.0	1638.6	-1357.7
451	1263	-1590	I7	-163.5	1549.3	-1347.2
452	6	-194	I7	-94.0	1384.0	-1235.3
453	587	-340	I7	123.5	1273.1	-1178.5
454	1932	-1828	I7	52.0	1250.5	-1175.9
455	2035	-2211	I7	-88.0	1352.7	-1304.4
456	717	-1023	I7	-153.0	1226.5	-1250.6
458	1087	-901	I7	93.0	1155.7	-1178.3
459	2136	-2326	I7	-95.0	1320.9	-1368.3
460	1594	-1771	I7	-88.5	1345.2	-1447.1
461	258	-337	I7	-39.5	1161.5	-1252.1
463	1793	-1429	I7	182.0	1214.5	-1236.0
464	2188	-2229	I7	-20.5	1432.7	-1439.5
465	980	-1198	I7	-109.0	1472.0	-1525.3
467	791	-380	I7	205.5	1357.9	-1380.5
468	2058	-1840	I7	109.0	1360.2	-1343.4
469	1814	-1692	I7	61.0	1469.9	-1410.3
470	484	-360	I7	62.0	1409.6	-1356.2
472	1473	-1012	I7	230.5	1343.3	-1224.8
473	2126	-2209	I7	-41.5	1396.5	-1268.6
474	1224	-1445	I7	-110.5	1493.1	-1379.4
476	636	-330	I7	153.0	1377.4	-1269.5
477	1982	-1833	I7	74.5	1356.8	-1229.9
478	2038	-2148	I7	-55.0	1462.6	-1324.9
479	723	-933	I7	-105.0	1455.8	-1380.2
481	1246	-990	I7	128.0	1374.6	-1295.2
482	2231	-2406	I7	-87.5	1416.3	-1366.6
483	1613	-1792	I7	-89.5	1529.2	-1509.8
484	282	-339	I7	-28.5	1410.1	-1442.5
486	1909	-1520	I7	194.5	1388.4	-1373.6
487	2230	-2240	I7	-5.0	1489.0	-1453.1
488	931	-1135	I7	-102.0	1518.5	-1533.6
490	881	-513	I7	184.0	1408.4	-1401.6
491	2120	-1960	I7	80.0	1416.6	-1382.8
492	1803	-1706	I7	48.5	1524.6	-1460.1
493	454	-331	I7	61.5	1445.4	-1394.2
495	1621	-1172	I7	224.5	1384.4	-1270.8
496	2207	-2256	I7	-24.5	1443.8	-1317.2
497	1226	-1399	I7	-86.5	1538.2	-1423.2
499	720	-381	I7	169.5	1419.3	-1309.3
500	2052	-1885	I7	83.5	1401.5	-1273.8
501	1999	-2063	I7	-32.0	1508.3	-1366.6
502	663	-793	I7	-65.0	1486.5	-1394.6
504	1280	-1020	I7	130.0	1402.5	-1300.6
505	2180	-2369	I7	-94.5	1440.2	-1366.9
506	1481	-1737	I7	-128.0	1542.9	-1507.5
507	199	-312	I7	-56.5	1400.7	-1421.5
509	1898	-1532	I7	183.0	1369.8	-1349.1
510	2131	-2137	I7	-3.0	1460.3	-1422.9
511	859	-1056	I7	-98.5	1474.2	-1490.4
513	924	-580	I7	172.0	1361.4	-1359.9
514	2101	-2000	I7	50.5	1371.6	-1353.6
515	1746	-1676	I7	35.0	1479.9	-1441.9
516	448	-300	I7	74.0	1396.7	-1369.9
518	1649	-1232	I7	208.5	1343.6	-1256.2
519	2199	-2266	I7	-33.5	1415.4	-1309.1
520	1185	-1387	I7	-101.0	1514.0	-1416.6
522	733	-417	I7	158.0	1397.5	-1305.1
523	2050	-1922	I7	64.0	1389.4	-1283.6
524	1979	-2025	I7	-23.0	1501.4	-1380.5
525	627	-753	I7	-63.0	1471.7	-1397.8
527	1295	-1048	I7	123.5	1391.1	-1302.6
528	2161	-2367	I7	-103.0	1432.6	-1371.7
529	1448	-1722	I7	-137.0	1532.6	-1513.9
530	176	-303	I7	-63.5	1385.3	-1421.0
531	582	-136	I7	223.0	1223.6	-1208.0
532	1860	-1550	I7	155.0	1291.1	-1224.3
533	2075	-2102	I7	-13.5	1425.3	-1392.8
534	830	-1048	I7	-109.0	1303.3	-1305.4
536	935	-600	I7	167.5	1198.9	-1162.9
537	2093	-1976	I7	58.5	1345.5	-1285.2
538	1707	-1628	I7	39.5	1386.7	-1343.2
539	422	-273	I7	74.5	1212.8	-1133.8
541	1624	-1220	I7	202.0	1230.4	-1083.6
542	2158	-2263	I7	-52.5	1428.6	-1279.6
543	1147	-1391	I7	-122.0	1485.1	-1405.1
545	632	-364	I7	134.0	1362.3	-1286.5
546	1925	-1762	I7	81.5	1347.3	-1252.5
547	1856	-1738	I7	59.0	1449.9	-1321.5
548	570	-403	I7	83.5	1413.4	-1301.8
550	1262	-492	I7	385.0	1330.3	-1153.4
551	2109	-1452	I7	328.5	1370.5	-1135.8
552	1394	-540	I7	427.0	1467.7	-1162.5
556	2094	-390	I7	852.0	1514.7	-1079.5
565	2166	-130	I7	1018.0	1515.5	-866.2
574	2071	-112	I7	979.5	1607.9	-738.3
583	2107	-102	I7	1002.5	1755.4	-712.1
588	2161	-97	I7	1032.0	1779.0	-545.6
597	2201	-403	I7	899.0	1813.5	-412.1
601	1928	-289	I7	819.5	1949.3	-400.7
602	1808	-634	I7	587.0	2003.9	-414.9
606	2064	-1375	I7	344.5	1999.4	-407.2
607	1244	-808	I7	218.0	1984.4	-434.0
610	1918	-1047	I7	435.5	1966.8	-499.7
611	2121	-1559	I7	281.0	1962.3	-642.6
612	738	-398	I7	170.0	1829.0	-671.2
614	1023	-229	I7	397.0	1720.6	-683.9
615	2137	-1725	I7	206.0	1718.2	-846.7
616	1587	-1275	I7	156.0	1656.8	-933.9
619	1743	-1032	I7	355.5	1638.3	-1008.2
620	2144	-1859	I7	142.5	1671.9	-1130.7
621	961	-900	I7	30.5	1561.6	-1083.2
623	762	-113	I7	324.5	1513.4	-1013.7
624	2074	-1580	I7	247.0	1529.0	-1067.0
625	1829	-1452	I7	188.5	1499.8	-1056.3
626	512	-136	I7	188.0	1477.2	-1030.1
628	1480	-748	I7	366.0	1522.9	-1082.0
629	2172	-1949	I7	111.5	1526.4	-1104.4
630	1259	-1182	I7	38.5	1493.6	-1095.1
633	1992	-1505	I7	243.5	1518.5	-1142.4
634	2046	-1796	I7	125.0	1508.7	-1136.1
635	687	-578	I7	54.5	1481.3	-1103.9
637	1196	-648	I7	274.0	1524.7	-1157.4
638	2175	-2063	I7	56.0	1534.8	-1205.7
639	1527	-1460	I7	33.5	1504.6	-1206.5
642	1839	-1228	I7	305.5	1637.3	-1315.7
643	2165	-1939	I7	113.0	1705.8	-1434.8
644	869	-867	I7	1.0	1575.5	-1326.6
646	875	-270	I7	302.5	1537.1	-1235.4
647	2120	-1698	I7	211.0	1549.9	-1254.7
648	1776	-1424	I7	176.0	1522.9	-1217.5
651	1632	-934	I7	349.0	1617.4	-1253.1
652	2203	-2004	I7	99.5	1718.1	-1388.7
653	1187	-1121	I7	33.0	1619.3	-1294.5
656	1993	-1562	I7	215.5	1665.9	-1304.7
657	1915	-1707	I7	104.0	1673.5	-1352.6
658	570	-441	I7	64.5	1514.0	-1202.8
660	1269	-690	I7	289.5	1554.0	-1185.1
661	2131	-2027	I7	52.0	1679.6	-1360.8
662	1422	-1380	I7	21.0	1609.8	-1329.0
665	1917	-1301	I7	308.0	1623.9	-1316.7
666	2140	-1898	I7	121.0	1674.7	-1413.1
667	845	-813	I7	16.0	1538.9	-1294.0
669	1002	-455	I7	273.5	1520.4	-1227.4
670	2158	-1877	I7	140.5	1536.9	-1258.9
671	1741	-1484	I7	128.5	1519.5	-1236.6
672	395	-96	I7	149.5	1502.0	-1202.1
674	1715	-1091	I7	312.0	1546.6	-1242.2
675	2233	-2069	I7	82.0	1556.8	-1246.4
676	1148	-1116	I7	16.0	1529.4	-1220.0
678	705	-137	I7	284.0	1408.2	-1103.6
679	1977	-1553	I7	212.0	1391.9	-1069.1
680	1860	-1606	I7	127.0	1493.4	-1148.4
681	538	-352	I7	93.0	1447.0	-1138.1
683	1268	-726	I7	271.0	1358.0	-1023.0
684	2058	-1984	I7	37.0	1389.7	-1073.0
685	1297	-1299	I7	-1.0	1479.9	-1193.3
688	1928	-1413	I7	257.5	1501.2	-1225.5
689	2112	-1915	I7	98.5	1489.1	-1210.1
690	767	-739	I7	14.0	1451.0	-1172.4
692	1026	-481	I7	272.5	1483.1	-1206.8
693	2149	-1906	I7	121.5	1500.3	-1242.1
694	1668	-1458	I7	105.0	1481.1	-1227.3
697	1731	-1043	I7	344.0	1600.4	-1296.4
698	2162	-1793	I7	184.5	1689.8	-1403.1
699	1048	-712	I7	168.0	1588.8	-1275.9
702	2004	-831	I7	586.5	1659.5	-1229.1
703	1802	-510	I7	646.0	1646.9	-1138.8
707	2114	-394	I7	860.0	1647.1	-986.7
716	2105	-97	I7	1004.0	1780.9	-922.5
721	2160	-102	I7	1029.0	1894.3	-884.6
730	2143	-122	I7	1010.5	1893.7	-706.2
753	2149	-111	I7	1019.0	1941.8	-571.5
762	2193	-424	I7	884.5	1988.0	-509.6
766	1917	-270	I7	823.5	1963.5	-357.3
767	1939	-746	I7	596.5	2052.6	-360.7
771	2093	-1455	I7	319.0	2061.5	-423.1
772	1378	-985	I7	196.5	2019.1	-470.6
775	1855	-1076	I7	389.5	1993.2	-538.8
776	2145	-1759	I7	193.0	1997.2	-705.0
777	794	-674	I7	60.0	1860.6	-762.2
779	946	-281	I7	332.5	1740.9	-778.1
780	2148	-1792	I7	178.0	1740.8	-946.2
781	1715	-1461	I7	127.0	1693.0	-1049.9
784	1729	-1077	I7	326.0	1674.2	-1130.6
785	2221	-2039	I7	91.0	1702.4	-1259.9
786	1149	-1120	I7	14.5	1608.0	-1226.4
788	725	-180	I7	272.5	1542.7	-1145.9
789	2011	-1614	I7	198.5	1558.3	-1199.7
790	1894	-1653	I7	120.5	1533.2	-1189.1
791	590	-390	I7	100.0	1512.8	-1160.7
793	1339	-778	I7	280.5	1552.1	-1210.4
794	2120	-2044	I7	38.0	1549.3	-1235.6
795	1357	-1372	I7	-7.5	1513.5	-1226.7
798	2013	-1528	I7	242.5	1541.9	-1271.8
799	2182	-2017	I7	82.5	1538.0	-1269.6
800	802	-790	I7	6.0	1503.3	-1236.6
802	1103	-615	I7	244.0	1541.1	-1280.1
803	2223	-2098	I7	62.5	1562.3	-1328.5
804	1698	-1617	I7	40.5	1542.7	-1324.9
805	309	-148	I7	80.5	1514.6	-1300.7
807	1769	-1211	I7	279.0	1557.6	-1344.0
808	2163	-2037	I7	63.0	1561.9	-1343.3
809	1012	-1049	I7	-18.5	1527.4	-1311.0
811	750	-239	I7	255.5	1401.1	-1182.1
812	1980	-1622	I7	179.0	1380.9	-1142.6
813	1784	-1502	I7	141.0	1479.1	-1213.8
814	476	-205	I7	135.5	1416.4	-1172.8
816	1394	-790	I7	302.0	1333.5	-1042.0
817	2093	-2022	I7	35.5	1373.0	-1082.5
818	1245	-1285	I7	-20.0	1466.6	-1196.2
821	1969	-1582	I7	193.5	1486.6	-1233.3
822	2084	-1964	I7	60.0	1478.7	-1226.0
823	743	-755	I7	-6.0	1451.8	-1196.6
825	1180	-720	I7	230.0	1494.8	-1244.7
826	2206	-2165	I7	20.5	1517.4	-1299.0
827	1596	-1575	I7	10.5	1498.6	-1306.3
828	245	-119	I7	63.0	1475.5	-1297.7
830	1807	-1230	I7	288.5	1516.8	-1341.7
831	2169	-1982	I7	93.5	1524.4	-1337.7
832	951	-950	I7	0.5	1495.0	-1304.2
834	825	-252	I7	286.5	1380.6	-1171.2
835	2087	-1674	I7	206.5	1380.9	-1142.2
836	1815	-1471	I7	172.0	1488.1	-1213.8
837	506	-139	I7	183.5	1420.7	-1155.7
839	1568	-873	I7	347.5	1356.9	-1026.5
840	2198	-2031	I7	83.5	1417.1	-1072.1
841	1281	-1242	I7	19.5	1520.7	-1184.4
843	660	-126	I7	267.0	1406.0	-1074.0
844	1980	-1558	I7	211.0	1387.1	-1031.6
845	2013	-1826	I7	93.5	1493.3	-1119.2
846	692	-623	I7	34.5	1480.0	-1156.3
848	1175	-699	I7	238.0	1388.8	-1058.8
849	2122	-2048	I7	37.0	1419.5	-1116.5
850	1536	-1482	I7	27.0	1522.5	-1250.8
851	258	-106	I7	76.0	1391.5	-1174.1
853	1800	-1232	I7	284.0	1351.7	-1094.2
854	2116	-1947	I7	84.5	1435.2	-1164.7
855	908	-958	I7	-25.0	1460.0	-1247.9
857	822	-252	I7	285.0	1344.2	-1117.3
858	2040	-1561	I7	239.5	1346.9	-1090.8
859	1769	-1265	I7	252.0	1454.6	-1155.0
862	1526	-385	I7	570.5	1489.7	-1123.6
863	2165	-1245	I7	460.0	1494.0	-1043.3
864	1261	-239	I7	511.0	1466.5	-919.0
867	1944	-117	I7	913.5	1635.1	-920.1
868	1997	-186	I7	905.5	1654.8	-815.5
872	2134	-105	I7	1014.5	1656.6	-631.3
877	2139	-108	I7	1015.5	1779.7	-546.3
886	2163	-155	I7	1004.0	1913.8	-536.6
895	2097	-147	I7	975.0	1919.5	-395.2
909	2126	-183	I7	971.5	1955.2	-287.0
914	1744	-125	I7	809.5	1977.0	-261.0
918	2049	-977	I7	536.0	1965.4	-234.2
919	1148	-393	I7	377.5	1954.1	-249.6
922	1845	-831	I7	507.0	1944.2	-321.0
923	1965	-1306	I7	329.5	1941.0	-433.0
924	603	-187	I7	208.0	1787.9	-441.2
926	1114	-287	I7	413.5	1685.4	-459.1
927	2124	-1780	I7	172.0	1681.5	-621.6
928	1508	-1289	I7	109.5	1622.6	-735.8
931	1852	-1190	I7	331.0	1595.2	-836.5
932	2183	-1990	I7	96.5	1639.1	-1023.0
933	919	-988	I7	-34.5	1526.1	-1024.1
935	900	-385	I7	257.5	1501.3	-1023.3
936	2157	-1806	I7	175.5	1532.5	-1120.8
937	1838	-1540	I7	149.0	1519.8	-1144.2
938	528	-168	I7	180.0	1512.3	-1142.3
940	1598	-953	I7	322.5	1560.7	-1208.9
941	2209	-2051	I7	79.0	1569.2	-1236.0
942	1227	-1230	I7	-1.5	1541.1	-1230.1
944	680	-179	I7	250.5	1423.9	-1129.0
945	1970	-1632	I7	169.0	1402.6	-1093.2
946	1963	-1847	I7	58.0	1507.0	-1179.1
947	649	-636	I7	6.5	1481.9	-1204.2
949	1228	-775	I7	226.5	1389.0	-1101.1
950	2140	-2113	I7	13.5	1419.2	-1158.4
951	1506	-1515	I7	-4.5	1517.0	-1293.1
952	242	-134	I7	54.0	1381.4	-1211.2
954	1830	-1310	I7	260.0	1343.5	-1137.1
955	2121	-1983	I7	69.0	1432.9	-1212.4
956	855	-948	I7	-46.5	1450.4	-1289.3
958	868	-390	I7	239.0	1340.2	-1165.1
959	2099	-1826	I7	136.5	1353.8	-1163.0
960	1750	-1567	I7	91.5	1463.9	-1256.1
961	426	-193	I7	116.5	1383.7	-1197.9
963	1603	-1030	I7	286.5	1330.0	-1089.6
964	2199	-2137	I7	31.0	1399.3	-1151.8
965	1204	-1284	I7	-40.0	1495.5	-1266.8
967	632	-201	I7	215.5	1375.7	-1155.9
968	1919	-1632	I7	143.5	1355.5	-1120.8
969	1919	-1832	I7	43.5	1461.9	-1209.2
970	659	-629	I7	15.0	1441.0	-1233.1
972	1232	-797	I7	217.5	1354.3	-1130.2
973	2108	-2122	I7	-7.0	1390.1	-1185.7
974	1466	-1507	I7	-20.5	1494.1	-1317.1
975	219	-128	I7	45.5	1355.7	-1226.9
977	1866	-1343	I7	261.5	1322.4	-1147.5
978	2144	-2014	I7	65.0	1416.4	-1220.5
979	853	-959	I7	-53.0	1438.5	-1296.3
981	848	-390	I7	229.0	1331.4	-1172.1
982	2092	-1833	I7	129.5	1348.7	-1172.2
983	1764	-1551	I7	106.5	1459.2	-1264.4
984	437	-204	I7	116.5	1379.7	-1205.1
986	1586	-1061	I7	262.5	1327.5	-1099.0
987	2188	-2156	I7	16.0	1399.7	-1163.9
988	1201	-1306	I7	-52.5	1497.9	-1281.7
990	701	-256	I7	222.5	1381.4	-1173.0
991	1998	-1725	I7	136.5	1366.8	-1144.1
992	1964	-1897	I7	33.5	1477.9	-1237.9
993	637	-659	I7	-11.0	1456.8	-1264.8
995	1285	-872	I7	206.5	1376.1	-1168.7
996	2171	-2215	I7	-22.0	1416.8	-1235.1
997	1480	-1556	I7	-38.0	1521.1	-1370.3
998	185	-143	I7	21.0	1381.0	-1278.5
1000	1879	-1388	I7	245.5	1350.1	-1201.7
1001	2144	-2011	I7	66.5	1444.4	-1272.2
1002	860	-933	I7	-36.5	1460.3	-1339.9
1004	930	-457	I7	236.5	1353.5	-1213.1
1005	2121	-1875	I7	123.0	1369.2	-1210.9
1006	1765	-1548	I7	108.5	1482.0	-1299.8
1007	464	-218	I7	123.0	1399.9	-1234.4
1009	1661	-1109	I7	276.0	1348.9	-1123.8
1010	2203	-2137	I7	33.0	1421.2	-1181.9
1011	1225	-1296	I7	-35.5	1525.2	-1297.2
1013	736	-290	I7	223.0	1410.9	-1187.4
1014	1991	-1705	I7	143.0	1395.6	-1156.8
1015	1977	-1854	I7	61.5	1507.3	-1248.9
1016	669	-643	I7	13.0	1481.2	-1267.5
1018	1280	-844	I7	218.0	1397.1	-1164.4
1019	2162	-2121	I7	20.5	1436.8	-1221.7
1020	1525	-1506	I7	9.5	1542.9	-1350.5
1021	246	-113	I7	66.5	1401.4	-1250.9
1023	1863	-1165	I7	349.0	1367.4	-1153.7
1024	2127	-1568	I7	279.5	1457.6	-1180.9
1025	875	-356	I7	259.5	1471.5	-1187.5
1028	2158	-765	I7	696.5	1488.2	-1093.5
1029	1796	-213	I7	791.5	1470.1	-929.4
1033	2212	-248	I7	982.0	1624.4	-889.9
1042	2064	-136	I7	964.0	1702.8	-819.1
1065	2098	-103	I7	997.5	1696.4	-617.3
1074	2136	-197	I7	969.5	1757.5	-486.4
1079	2140	-424	I7	858.0	1946.9	-517.5
1083	2024	-459	I7	782.5	1963.0	-446.9
1084	1703	-370	I7	666.5	1920.6	-327.1
1088	2147	-1176	I7	485.5	2047.8	-409.1
1089	1135	-422	I7	356.5	1945.5	-374.8
1092	1992	-956	I7	518.0	1965.1	-449.1
1093	1920	-1153	I7	383.5	1935.9	-539.6
1096	1261	-276	I7	492.5	1855.6	-553.6
1097	2156	-1718	I7	219.0	1861.4	-715.1
1098	1374	-1094	I7	140.0	1785.2	-804.8
1101	1916	-1180	I7	368.0	1762.8	-880.4
1102	2135	-1755	I7	190.0	1773.9	-1010.0
1103	785	-649	I7	68.0	1682.1	-1037.9
1105	1018	-349	I7	334.5	1569.2	-955.2
1106	2116	-1743	I7	186.5	1667.3	-1087.3
1107	1647	-1301	I7	173.0	1632.8	-1121.8
1110	1727	-959	I7	384.0	1613.5	-1102.4
1111	2181	-1826	I7	177.5	1705.5	-1257.4
1112	1054	-881	I7	86.5	1595.3	-1173.7
1115	2013	-1454	I7	279.5	1659.2	-1209.7
1116	1818	-1409	I7	204.5	1649.4	-1232.6
1117	454	-93	I7	180.5	1481.3	-1066.4
1119	1392	-597	I7	397.5	1542.0	-1061.2
1120	2137	-1875	I7	131.0	1653.9	-1213.8
1121	1271	-1139	I7	66.0	1569.4	-1153.4
1124	1980	-1378	I7	301.0	1602.7	-1161.1
1125	2090	-1750	I7	170.0	1639.0	-1240.2
1126	744	-570	I7	87.0	1495.3	-1114.6
1128	1119	-498	I7	310.5	1501.8	-1076.3
1129	2136	-1889	I7	123.5	1514.1	-1119.8
1130	1561	-1323	I7	119.0	1488.4	-1111.2
1133	1799	-1045	I7	377.0	1622.9	-1206.4
1134	2153	-1821	I7	166.0	1699.0	-1328.8
1135	928	-807	I7	60.5	1578.1	-1222.0
1138	2098	-1530	I7	284.0	1660.8	-1261.1
1139	1825	-1371	I7	227.0	1645.3	-1260.4
1142	1537	-726	I7	405.5	1590.0	-1158.0
1143	2180	-1887	I7	146.5	1733.6	-1289.7
1144	1229	-1069	I7	80.0	1744.6	-1346.8
1147	1935	-1419	I7	258.0	1724.5	-1299.8
1148	1975	-1666	I7	154.5	1765.9	-1334.1
1149	620	-437	I7	91.5	1648.0	-1273.3
1151	1175	-548	I7	313.5	1550.2	-1146.0
1152	2118	-1924	I7	97.0	1669.2	-1257.7
1153	1450	-1298	I7	76.0	1604.4	-1234.5
1156	1854	-1097	I7	378.5	1607.3	-1207.1
1157	2135	-1769	I7	183.0	1667.1	-1311.4
1158	828	-711	I7	58.5	1531.9	-1193.8
1160	857	-151	I7	353.0	1494.7	-1102.0
1161	2086	-1572	I7	257.0	1509.8	-1117.3
1162	1744	-1280	I7	232.0	1486.7	-1078.7
1165	1634	-820	I7	407.0	1588.1	-1117.0
1166	2220	-1872	I7	174.0	1692.6	-1249.4
1167	1182	-981	I7	100.5	1599.0	-1155.1
1170	2001	-1434	I7	283.5	1654.1	-1168.7
1171	1925	-1560	I7	182.5	1661.2	-1215.0
1172	556	-298	I7	129.0	1503.3	-1067.9
1174	1264	-592	I7	336.0	1546.9	-1056.0
1175	2110	-1924	I7	93.0	1672.2	-1233.3
1176	1361	-1254	I7	53.5	1599.7	-1201.5
1179	1888	-1247	I7	320.5	1614.1	-1198.2
1180	2101	-1783	I7	159.0	1660.8	-1294.5
1181	772	-662	I7	55.0	1516.0	-1173.5
1183	1001	-328	I7	336.5	1497.9	-1108.2
1184	2126	-1678	I7	224.0	1510.4	-1132.6
1185	1674	-1171	I7	251.5	1485.3	-1093.7
1188	1671	-524	I7	573.5	1596.8	-1116.3
1189	2161	-1198	I7	481.5	1686.5	-1176.9
1190	1101	-94	I7	503.5	1585.6	-993.9
1193	1893	-101	I7	896.0	1638.8	-878.6
1198	2074	-99	I7	987.5	1657.4	-763.8
1244	2205	-133	I7	1036.0	1667.8	-598.8
1253	2115	-137	I7	989.0	1802.1	-546.3
1267	2132	-140	I7	996.0	1915.2	-527.5
1276	2064	-331	I7	866.5	1909.0	-392.8
1281	1956	-531	I7	712.5	1937.2	-328.8
1285	2095	-1065	I7	515.0	1979.6	-382.9
1286	1473	-618	I7	427.5	1910.8	-324.9
1289	1762	-568	I7	597.0	1976.9	-372.3
1290	2150	-1438	I7	356.0	2002.6	-506.0
1291	869	-491	I7	189.0	1882.1	-545.2
1294	2082	-1343	I7	369.5	1869.8	-666.2
1295	1752	-1155	I7	298.5	1833.5	-768.0
1298	1580	-670	I7	455.0	1778.3	-821.0
1299	2190	-1821	I7	184.5	1790.9	-970.0
1300	1197	-1054	I7	71.5	1715.0	-1022.3
1303	1987	-1509	I7	239.0	1704.2	-1066.7
1304	1973	-1725	I7	124.0	1754.2	-1177.4
1305	650	-513	I7	68.5	1643.0	-1171.9
1307	1230	-667	I7	281.5	1551.0	-1094.8
1308	2126	-2002	I7	62.0	1676.7	-1245.9
1309	1450	-1380	I7	35.0	1613.5	-1249.6
1312	1866	-1224	I7	321.0	1624.9	-1256.5
1313	2135	-1858	I7	138.5	1680.4	-1375.3
1314	833	-788	I7	22.5	1544.7	-1272.0
1316	916	-302	I7	307.0	1516.6	-1196.8
1317	2144	-1741	I7	201.5	1532.3	-1220.0
1318	1759	-1445	I7	157.0	1510.9	-1192.0
1321	1670	-986	I7	342.0	1612.9	-1239.3
1322	2222	-2012	I7	105.0	1712.1	-1373.8
1323	1198	-1119	I7	39.5	1619.3	-1285.5
1325	703	-92	I7	305.5	1544.6	-1156.7
1326	1985	-1544	I7	220.5	1556.5	-1188.7
1327	1910	-1646	I7	132.0	1534.0	-1167.5
1328	592	-389	I7	101.5	1509.9	-1127.6
1330	1255	-678	I7	288.5	1543.8	-1165.2
1331	2097	-1986	I7	55.5	1539.1	-1189.7
1332	1368	-1336	I7	16.0	1500.0	-1178.8
1335	1882	-1324	I7	279.0	1521.2	-1212.6
1336	2100	-1889	I7	105.5	1509.0	-1200.3
1337	790	-788	I7	1.0	1468.2	-1167.2
1339	943	-385	I7	279.0	1492.2	-1196.5
1340	2105	-1784	I7	160.5	1504.2	-1220.5
1341	1702	-1414	I7	144.0	1483.4	-1197.3
1344	1666	-994	I7	336.0	1590.8	-1257.8
1345	2173	-1956	I7	108.5	1682.6	-1385.6
1346	1118	-1048	I7	35.0	1584.7	-1291.8
1349	1965	-1526	I7	219.5	1644.4	-1310.8
1350	1875	-1602	I7	136.5	1643.7	-1338.6
1351	568	-363	I7	102.5	1490.5	-1186.0
1353	1282	-692	I7	295.0	1539.7	-1176.4
1354	2092	-1967	I7	62.5	1654.6	-1334.6
1355	1353	-1323	I7	15.0	1579.4	-1288.5
1358	1888	-1307	I7	290.5	1598.0	-1277.8
1359	2095	-1863	I7	116.0	1640.9	-1364.7
1360	810	-782	I7	14.0	1504.6	-1247.3
1362	1017	-435	I7	291.0	1494.5	-1186.0
1363	2156	-1828	I7	164.0	1513.6	-1216.2
1364	1738	-1468	I7	135.0	1499.9	-1202.8
1365	450	-110	I7	170.0	1488.1	-1177.5
1367	1698	-1057	I7	320.5	1529.7	-1214.0
1368	2214	-2018	I7	98.0	1541.9	-1219.1
1369	1177	-1124	I7	26.5	1524.3	-1199.2
1371	722	-139	I7	291.5	1407.7	-1082.4
1372	1948	-1459	I7	244.5	1393.0	-1042.0
1373	1866	-1430	I7	218.0	1498.6	-1106.8
1374	602	-121	I7	240.5	1457.1	-1075.4
1376	1270	-248	I7	511.0	1368.5	-917.4
1377	2085	-1199	I7	443.0	1403.2	-890.5
1378	1374	-339	I7	517.5	1495.6	-913.4
1382	2011	-251	I7	880.0	1526.9	-832.8
1391	2148	-170	I7	989.0	1520.3	-648.0
1414	2149	-107	I7	1021.0	1617.5	-546.3
1423	2071	-111	I7	980.0	1752.4	-543.5
1432	2145	-93	I7	1026.0	1772.1	-406.9
1446	2180	-104	I7	1038.0	1803.5	-274.3
1455	2047	-116	I7	965.5	1948.0	-273.8
1460	2108	-95	I7	1006.5	2031.8	-258.5
1469	2187	-170	I7	1008.5	2042.0	-155.6
1515	2079	-99	I7	990.0	2112.5	-131.6
1533	2084	-126	I7	979.0	2119.8	-119.1
1547	2162	-131	I7	1015.5	2121.2	-115.2
