	X	Y	Label	meanY	avgX	avgY	minX	minY
4	2089	-100	I11	994.5				
18	2084	-140	I11	972.0				
36	2094	-137	I11	978.5				
41	2080	-92	I11	994.0				
50	2109	-104	I11	1002.5				
73	2130	-137	I11	996.5				
82	2165	-156	I11	1004.5				
105	2082	-100	I11	991.0				
114	2026	-180	I11	923.0				
123	2055	-259	I11	898.0	2091.4	-140.5		
128	2093	-460	I11	816.5	2091.8	-176.5		
132	1999	-209	I11	895.0	2083.3	-183.4		
133	1688	-106	I11	791.0	2042.7	-180.3		
137	2133	-725	I11	704.0	2048.0	-243.6		
141	1881	-443	I11	719.0	2025.2	-277.5		
142	1870	-852	I11	509.0	1999.2	-349.0		
146	2027	-1616	I11	205.5	1985.4	-495.0		
147	1304	-1185	I11	59.5	1907.6	-603.5		
150	1862	-1505	I11	178.5	1891.2	-736.0		
151	2150	-2326	I11	-88.0	1900.7	-942.7	1304.0	-2326.0
152	780	-1308	I11	-264.0	1769.4	-1027.5	780.0	-2326.0
154	958	-933	I11	12.5	1665.3	-1099.9	780.0	-2326.0
155	2138	-2485	I11	-173.5	1710.3	-1337.8	780.0	-2485.0
156	1713	-2209	I11	-248.0	1668.3	-1486.2	780.0	-2485.0
157	355	-836	I11	-240.5	1515.7	-1525.5	355.0	-2485.0
158	363	-292	I11	35.5	1365.0	-1469.5	355.0	-2485.0
159	1646	-1777	I11	-65.5	1326.9	-1485.6	355.0	-2485.0
160	2108	-2741	I11	-316.5	1407.3	-1641.2	355.0	-2741.0
161	1038	-1840	I11	-401.0	1324.9	-1674.7	355.0	-2741.0
162	-147	-425	I11	-286.0	1095.2	-1484.6	-147.0	-2741.0
163	586	-860	I11	-137.0	1075.8	-1439.8	-147.0	-2741.0
164	1828	-2319	I11	-245.5	1162.8	-1578.4	-147.0	-2741.0
165	1762	-2380	I11	-309.0	1125.2	-1567.9	-147.0	-2741.0
166	468	-1135	I11	-333.5	1000.7	-1460.5	-147.0	-2741.0
167	51	-274	I11	-111.5	970.3	-1404.3	-147.0	-2741.0
168	1195	-1466	I11	-135.5	1053.5	-1521.7	-147.0	-2741.0
169	1971	-2715	I11	-372.0	1086.0	-1615.5	-147.0	-2741.0
170	1254	-2107	I11	-426.5	1000.6	-1552.1	-147.0	-2741.0
171	9	-732	I11	-361.5	897.7	-1441.3	-147.0	-2741.0
172	516	-660	I11	-72.0	964.0	-1464.8	-147.0	-2741.0
173	1839	-2157	I11	-159.0	1089.3	-1594.5	-147.0	-2741.0
174	2039	-2724	I11	-342.5	1110.4	-1635.0	-147.0	-2741.0
175	734	-1604	I11	-435.0	1007.6	-1557.4	-147.0	-2741.0
176	-122	-342	I11	-232.0	948.6	-1478.1	-147.0	-2741.0
177	861	-1123	I11	-131.0	1029.6	-1563.0	-147.0	-2741.0
178	2015	-2548	I11	-266.5	1111.6	-1671.2	-147.0	-2741.0
179	1677	-2263	I11	-293.0	1082.2	-1626.0	-147.0	-2741.0
180	385	-881	I11	-248.0	995.3	-1503.4	-147.0	-2724.0
181	340	-305	I11	17.5	1028.4	-1460.7	-147.0	-2724.0
182	1564	-1708	I11	-72.0	1133.2	-1565.5	-122.0	-2724.0
183	2072	-2726	I11	-327.0	1156.5	-1622.4	-122.0	-2726.0
184	1077	-1879	I11	-401.0	1060.3	-1537.9	-122.0	-2726.0
185	-74	-510	I11	-292.0	979.5	-1428.5	-122.0	-2726.0
186	620	-869	I11	-124.5	1053.7	-1481.2	-122.0	-2726.0
187	1878	-2325	I11	-223.5	1155.4	-1601.4	-122.0	-2726.0
188	1873	-2501	I11	-314.0	1141.2	-1596.7	-122.0	-2726.0
189	556	-1283	I11	-363.5	1029.1	-1498.7	-122.0	-2726.0
190	6	-355	I11	-174.5	991.2	-1446.1	-122.0	-2726.0
191	1146	-1473	I11	-163.5	1071.8	-1562.9	-122.0	-2726.0
192	2012	-2801	I11	-394.5	1116.6	-1672.2	-122.0	-2801.0
193	1355	-2203	I11	-424.0	1044.9	-1619.9	-122.0	-2801.0
194	72	-813	I11	-370.5	944.4	-1513.3	-122.0	-2801.0
195	424	-565	I11	-70.5	994.2	-1518.8	-122.0	-2801.0
196	1729	-2036	I11	-153.5	1105.1	-1635.5	-74.0	-2801.0
197	1985	-2698	I11	-356.5	1115.8	-1672.8	-74.0	-2801.0
198	687	-1617	I11	-465.0	997.2	-1584.4	-74.0	-2801.0
199	-267	-276	I11	-271.5	914.9	-1483.7	-267.0	-2801.0
200	679	-967	I11	-144.0	982.2	-1544.9	-267.0	-2801.0
201	1893	-2397	I11	-252.0	1056.9	-1637.3	-267.0	-2801.0
202	1602	-2183	I11	-290.5	1015.9	-1575.5	-267.0	-2801.0
203	311	-837	I11	-263.0	911.5	-1438.9	-267.0	-2801.0
204	196	-193	I11	1.5	923.9	-1376.9	-267.0	-2801.0
205	1450	-1610	I11	-80.0	1026.5	-1481.4	-267.0	-2801.0
206	2025	-2742	I11	-358.5	1056.1	-1552.0	-267.0	-2801.0
207	1088	-1937	I11	-424.5	966.4	-1475.9	-267.0	-2801.0
208	-103	-552	I11	-327.5	887.4	-1369.4	-267.0	-2801.0
209	540	-830	I11	-145.0	968.1	-1424.8	-267.0	-2801.0
210	1822	-2278	I11	-228.0	1082.4	-1555.9	-267.0	-2801.0
211	1828	-2564	I11	-368.0	1075.9	-1572.6	-267.0	-2801.0
212	563	-1381	I11	-409.0	972.0	-1492.4	-267.0	-2742.0
213	-56	-374	I11	-215.0	935.3	-1446.1	-267.0	-2742.0
214	1004	-1372	I11	-184.0	1016.1	-1564.0	-267.0	-2742.0
215	1923	-2705	I11	-391.0	1063.4	-1673.5	-267.0	-2742.0
216	1390	-2182	I11	-396.0	999.9	-1617.5	-267.0	-2742.0
217	159	-847	I11	-344.0	907.0	-1508.5	-267.0	-2742.0
218	406	-521	I11	-57.5	957.9	-1505.4	-267.0	-2742.0
219	1683	-1939	I11	-128.0	1072.2	-1616.3	-103.0	-2742.0
220	2012	-2704	I11	-346.0	1091.2	-1658.9	-103.0	-2742.0
221	850	-1716	I11	-433.0	993.4	-1574.1	-103.0	-2742.0
222	-217	-357	I11	-287.0	915.4	-1471.7	-217.0	-2742.0
223	617	-912	I11	-147.5	982.7	-1525.5	-217.0	-2742.0
224	1852	-2346	I11	-247.0	1067.5	-1622.9	-217.0	-2742.0
225	1694	-2279	I11	-292.5	1044.6	-1580.3	-217.0	-2742.0
226	406	-974	I11	-284.0	946.2	-1459.5	-217.0	-2705.0
227	105	-214	I11	-54.5	940.8	-1396.2	-217.0	-2705.0
228	1314	-1506	I11	-96.0	1031.6	-1494.7	-217.0	-2705.0
229	2003	-2729	I11	-363.0	1063.6	-1573.7	-217.0	-2729.0
230	1200	-2039	I11	-419.5	982.4	-1507.2	-217.0	-2729.0
231	-37	-658	I11	-347.5	893.7	-1401.4	-217.0	-2729.0
232	549	-774	I11	-112.5	970.3	-1443.1	-217.0	-2729.0
233	1870	-2243	I11	-186.5	1095.6	-1576.2	-217.0	-2729.0
234	1965	-2683	I11	-359.0	1106.9	-1609.9	-217.0	-2729.0
235	674	-1544	I11	-435.0	1004.9	-1536.4	-217.0	-2729.0
236	-79	-411	I11	-245.0	956.4	-1480.1	-217.0	-2729.0
237	973	-1307	I11	-167.0	1043.2	-1589.4	-217.0	-2729.0
238	2012	-2698	I11	-343.0	1113.0	-1708.6	-217.0	-2729.0
239	1555	-2216	I11	-330.5	1068.2	-1657.3	-217.0	-2729.0
240	287	-768	I11	-240.5	976.9	-1530.2	-217.0	-2729.0
241	409	-303	I11	53.0	1021.5	-1494.7	-217.0	-2729.0
242	1636	-1421	I11	107.5	1130.2	-1559.4	-79.0	-2729.0
243	2049	-1941	I11	54.0	1148.1	-1529.2	-79.0	-2729.0
244	995	-732	I11	131.5	1051.1	-1334.1	-79.0	-2729.0
247	1879	-594	I11	642.5	1171.6	-1239.1	-79.0	-2729.0
248	1738	-231	I11	753.5	1353.3	-1221.1	-79.0	-2729.0
252	2043	-222	I11	910.5	1460.3	-1112.6	-79.0	-2729.0
266	2087	-125	I11	981.0	1467.8	-855.3	-79.0	-2729.0
275	2075	-124	I11	975.5	1519.8	-646.1	-79.0	-2698.0
284	1991	-114	I11	938.5	1690.2	-580.7	-79.0	-2698.0
289	2110	-99	I11	1005.5	1860.3	-560.3	-79.0	-2698.0
298	2153	-935	I11	609.0	1912.0	-511.7	-79.0	-2698.0
299	999	-240	I11	379.5	1807.0	-341.6	-79.0	-2698.0
302	1918	-1193	I11	362.5	1899.3	-387.7	-79.0	-2698.0
303	1754	-1549	I11	102.5	1886.8	-483.2	-79.0	-2698.0
304	391	-466	I11	-37.5	1752.1	-506.7	287.0	-2698.0
306	1292	-1063	I11	114.5	1677.0	-590.8	287.0	-2698.0
307	2070	-2451	I11	-190.5	1675.3	-823.4	287.0	-2451.0
308	1216	-1831	I11	-307.5	1589.4	-994.1	287.0	-2451.0
309	-61	-475	I11	-268.0	1384.2	-1030.2	-61.0	-2451.0
310	532	-656	I11	-62.0	1226.4	-1085.9	-61.0	-2451.0
311	1882	-2209	I11	-163.5	1199.3	-1213.3	-61.0	-2451.0
312	1990	-2691	I11	-350.5	1298.4	-1458.4	-61.0	-2691.0
313	647	-1569	I11	-461.0	1171.3	-1496.0	-61.0	-2691.0
314	-125	-435	I11	-280.0	983.4	-1384.6	-125.0	-2691.0
315	909	-1356	I11	-223.5	1035.2	-1473.6	-125.0	-2691.0
316	1925	-2762	I11	-418.5	1098.5	-1643.5	-125.0	-2762.0
317	1452	-2330	I11	-439.0	1036.7	-1631.4	-125.0	-2762.0
318	168	-969	I11	-400.5	931.9	-1545.2	-125.0	-2762.0
319	305	-527	I11	-111.0	968.5	-1550.4	-125.0	-2762.0
320	1558	-1928	I11	-185.0	1071.1	-1677.6	-125.0	-2762.0
321	1944	-2769	I11	-412.5	1077.3	-1733.6	-125.0	-2769.0
322	832	-1830	I11	-499.0	961.5	-1647.5	-125.0	-2769.0
323	-294	-437	I11	-365.5	867.4	-1534.3	-294.0	-2769.0
324	486	-928	I11	-221.0	928.5	-1583.6	-294.0	-2769.0
325	1736	-2381	I11	-322.5	1011.2	-1686.1	-294.0	-2769.0
326	1626	-2391	I11	-382.5	981.3	-1649.0	-294.0	-2769.0
327	323	-1115	I11	-396.0	868.4	-1527.5	-294.0	-2769.0
328	-53	-284	I11	-168.5	846.3	-1459.0	-294.0	-2769.0
329	1133	-1529	I11	-198.0	929.1	-1559.2	-294.0	-2769.0
330	1886	-2787	I11	-450.5	961.9	-1645.1	-294.0	-2787.0
331	1117	-2136	I11	-509.5	879.2	-1581.8	-294.0	-2787.0
332	-149	-729	I11	-439.0	781.1	-1471.7	-294.0	-2787.0
333	405	-716	I11	-155.5	851.0	-1499.6	-294.0	-2787.0
334	1737	-2185	I11	-224.0	976.1	-1625.3	-294.0	-2787.0
335	1903	-2703	I11	-400.0	992.8	-1657.5	-294.0	-2787.0
336	611	-1578	I11	-483.5	891.3	-1576.2	-294.0	-2787.0
337	-197	-361	I11	-279.0	839.3	-1500.8	-294.0	-2787.0
338	817	-1175	I11	-179.0	926.3	-1589.9	-294.0	-2787.0
339	1924	-2581	I11	-328.5	1005.4	-1695.1	-294.0	-2787.0
340	1552	-2251	I11	-349.5	972.0	-1641.5	-294.0	-2787.0
341	279	-898	I11	-309.5	888.2	-1517.7	-294.0	-2787.0
342	297	-382	I11	-42.5	932.8	-1483.0	-294.0	-2787.0
343	1531	-1806	I11	-137.5	1045.4	-1592.0	-197.0	-2787.0
344	2000	-2794	I11	-397.0	1071.7	-1652.9	-197.0	-2794.0
345	976	-1920	I11	-472.0	979.0	-1574.6	-197.0	-2794.0
346	-190	-532	I11	-361.0	898.9	-1470.0	-197.0	-2794.0
347	527	-918	I11	-195.5	971.3	-1525.7	-197.0	-2794.0
348	1781	-2368	I11	-293.5	1067.7	-1645.0	-197.0	-2794.0
349	1766	-2502	I11	-368.0	1051.9	-1637.1	-197.0	-2794.0
350	475	-1272	I11	-398.5	944.2	-1539.2	-197.0	-2794.0
351	-30	-358	I11	-194.0	913.3	-1485.2	-197.0	-2794.0
352	1119	-1490	I11	-185.5	995.5	-1596.0	-197.0	-2794.0
353	1964	-2797	I11	-416.5	1038.8	-1695.1	-197.0	-2797.0
354	1320	-2205	I11	-442.5	970.8	-1636.2	-197.0	-2797.0
355	61	-815	I11	-377.0	879.3	-1525.7	-197.0	-2797.0
356	458	-623	I11	-82.5	944.1	-1534.8	-197.0	-2797.0
357	1771	-2096	I11	-162.5	1068.5	-1652.6	-190.0	-2797.0
358	2017	-2738	I11	-360.5	1092.1	-1689.6	-190.0	-2797.0
359	712	-1644	I11	-466.0	986.7	-1603.8	-190.0	-2797.0
360	-223	-324	I11	-273.5	916.9	-1509.0	-223.0	-2797.0
361	748	-1051	I11	-151.5	994.7	-1578.3	-223.0	-2797.0
362	1958	-2492	I11	-267.0	1078.6	-1678.5	-223.0	-2797.0
363	1659	-2262	I11	-301.5	1048.1	-1625.0	-223.0	-2797.0
364	312	-897	I11	-292.5	947.3	-1494.2	-223.0	-2797.0
365	180	-271	I11	-45.5	959.2	-1439.8	-223.0	-2797.0
366	1452	-1701	I11	-124.5	1058.6	-1547.6	-223.0	-2797.0
367	2005	-2804	I11	-399.5	1082.0	-1618.4	-223.0	-2804.0
368	1012	-1973	I11	-480.5	981.5	-1541.9	-223.0	-2804.0
369	-192	-565	I11	-378.5	891.1	-1434.0	-223.0	-2804.0
370	480	-894	I11	-207.0	961.4	-1491.0	-223.0	-2804.0
371	1765	-2365	I11	-300.0	1063.1	-1622.4	-223.0	-2804.0
372	1765	-2610	I11	-422.5	1043.8	-1634.2	-223.0	-2804.0
373	448	-1390	I11	-471.0	922.7	-1547.0	-223.0	-2804.0
374	-127	-397	I11	-262.0	878.8	-1497.0	-223.0	-2804.0
375	1000	-1443	I11	-221.5	960.8	-1614.2	-223.0	-2804.0
376	1899	-2773	I11	-437.0	1005.5	-1721.4	-223.0	-2804.0
377	1303	-2222	I11	-459.5	935.3	-1663.2	-223.0	-2804.0
378	68	-869	I11	-400.5	840.9	-1552.8	-223.0	-2804.0
379	400	-585	I11	-92.5	900.1	-1554.8	-223.0	-2804.0
380	1700	-2037	I11	-168.5	1022.1	-1669.1	-192.0	-2804.0
381	1991	-2601	I11	-305.0	1044.7	-1692.7	-192.0	-2804.0
382	774	-1362	I11	-294.0	945.6	-1567.9	-192.0	-2804.0
384	753	-462	I11	145.5	976.1	-1475.1	-192.0	-2804.0
385	2000	-1518	I11	241.0	1188.8	-1587.2	-192.0	-2804.0
386	1730	-962	I11	384.0	1261.8	-1539.1	-192.0	-2804.0
390	2169	-536	I11	816.5	1288.8	-1315.4	-192.0	-2804.0
399	2137	-188	I11	974.5	1372.2	-1112.0	-192.0	-2773.0
413	2111	-138	I11	986.5	1576.5	-1038.9	-192.0	-2773.0
422	2107	-124	I11	991.5	1747.2	-992.8	-127.0	-2773.0
431	2161	-290	I11	935.5	1793.3	-818.1	-127.0	-2773.0
436	2162	-738	I11	712.0	1810.4	-631.8	-127.0	-2773.0
440	2041	-1134	I11	453.5	1937.1	-609.0	-127.0	-2773.0
441	1590	-1053	I11	268.5	2020.8	-668.1	-127.0	-2773.0
444	1583	-984	I11	299.5	1979.1	-614.7	68.0	-2773.0
445	2103	-2158	I11	-27.5	2016.4	-734.3	68.0	-2773.0
446	962	-1346	I11	-192.0	1895.7	-815.3	68.0	-2601.0
448	590	-518	I11	36.0	1741.0	-848.3	68.0	-2601.0
449	1982	-2190	I11	-104.0	1728.1	-1053.5	400.0	-2601.0
450	1794	-2305	I11	-255.5	1696.8	-1271.6	590.0	-2601.0
451	378	-1019	I11	-320.5	1518.5	-1344.5	378.0	-2601.0
452	5	-218	I11	-106.5	1302.8	-1292.5	5.0	-2305.0
453	1266	-1556	I11	-145.0	1225.3	-1334.7	5.0	-2305.0
454	2003	-2871	I11	-434.0	1266.6	-1516.5	5.0	-2871.0
455	1147	-2154	I11	-503.5	1223.0	-1633.5	5.0	-2871.0
456	-157	-696	I11	-426.5	997.0	-1487.3	-157.0	-2871.0
457	442	-840	I11	-199.0	945.0	-1436.7	-157.0	-2871.0
458	1777	-2335	I11	-279.0	1063.7	-1618.4	-157.0	-2871.0
459	1858	-2737	I11	-439.5	1051.3	-1673.1	-157.0	-2871.0
460	543	-1562	I11	-509.5	926.2	-1598.8	-157.0	-2871.0
461	-169	-437	I11	-303.0	871.5	-1540.6	-169.0	-2871.0
462	902	-1360	I11	-229.0	961.2	-1654.8	-169.0	-2871.0
463	1903	-2753	I11	-425.0	1024.9	-1774.5	-169.0	-2871.0
464	1422	-2279	I11	-428.5	966.8	-1715.3	-169.0	-2871.0
465	137	-904	I11	-383.5	865.8	-1590.3	-169.0	-2871.0
466	298	-485	I11	-93.5	911.3	-1569.2	-169.0	-2871.0
467	1601	-1936	I11	-167.5	1027.2	-1678.8	-169.0	-2871.0
468	1992	-2781	I11	-394.5	1048.7	-1723.4	-169.0	-2871.0
469	860	-1805	I11	-472.5	948.9	-1630.2	-169.0	-2871.0
470	-252	-378	I11	-315.0	869.4	-1511.8	-252.0	-2871.0
471	568	-902	I11	-167.0	943.1	-1558.3	-252.0	-2871.0
472	1858	-2391	I11	-266.5	1038.7	-1661.4	-252.0	-2871.0
473	1718	-2369	I11	-325.5	1020.2	-1623.0	-252.0	-2871.0
474	378	-1045	I11	-333.5	915.8	-1499.6	-252.0	-2781.0
475	30	-244	I11	-107.0	905.1	-1433.6	-252.0	-2781.0
476	1246	-1528	I11	-141.0	999.9	-1537.9	-252.0	-2781.0
477	1968	-2789	I11	-410.5	1036.6	-1623.2	-252.0	-2789.0
478	1157	-2096	I11	-469.5	953.1	-1554.7	-252.0	-2789.0
479	-132	-672	I11	-402.0	853.9	-1441.4	-252.0	-2789.0
480	422	-745	I11	-161.5	921.3	-1478.1	-252.0	-2789.0
481	1741	-2223	I11	-241.0	1038.6	-1610.2	-252.0	-2789.0
482	1851	-2697	I11	-423.0	1037.9	-1640.8	-252.0	-2789.0
483	536	-1549	I11	-506.5	919.7	-1558.8	-252.0	-2789.0
484	-232	-394	I11	-313.0	858.7	-1493.7	-252.0	-2789.0
485	811	-1260	I11	-224.5	936.8	-1595.3	-252.0	-2789.0
486	1880	-2664	I11	-392.0	1000.2	-1708.9	-252.0	-2789.0
487	1458	-2266	I11	-404.0	949.2	-1656.6	-252.0	-2789.0
488	167	-906	I11	-369.5	850.2	-1537.6	-252.0	-2789.0
489	281	-440	I11	-79.5	891.5	-1514.4	-252.0	-2789.0
490	1558	-1872	I11	-157.0	1005.1	-1627.1	-232.0	-2789.0
491	1999	-2813	I11	-407.0	1030.9	-1686.1	-232.0	-2813.0
492	937	-1897	I11	-480.0	939.5	-1606.1	-232.0	-2813.0
493	-204	-497	I11	-350.5	865.5	-1500.9	-232.0	-2813.0
494	568	-945	I11	-188.5	945.5	-1556.0	-232.0	-2813.0
495	1817	-2402	I11	-292.5	1046.1	-1670.2	-232.0	-2813.0
496	1744	-2484	I11	-370.0	1032.5	-1652.2	-232.0	-2813.0
497	433	-1219	I11	-393.0	930.0	-1547.5	-232.0	-2813.0
498	12	-360	I11	-174.0	914.5	-1492.9	-232.0	-2813.0
499	1175	-1559	I11	-192.0	1003.9	-1604.8	-232.0	-2813.0
500	1959	-2836	I11	-438.5	1044.0	-1701.2	-232.0	-2836.0
501	1238	-2208	I11	-485.0	967.9	-1640.7	-232.0	-2836.0
502	-31	-802	I11	-416.5	871.1	-1531.2	-232.0	-2836.0
503	458	-724	I11	-133.0	937.3	-1553.9	-232.0	-2836.0
504	1780	-2213	I11	-216.5	1058.5	-1680.7	-204.0	-2836.0
505	1977	-2785	I11	-404.0	1074.5	-1719.0	-204.0	-2836.0
506	663	-1649	I11	-493.0	966.4	-1635.5	-204.0	-2836.0
507	-201	-384	I11	-292.5	903.0	-1552.0	-204.0	-2836.0
508	802	-1168	I11	-183.0	982.0	-1632.8	-204.0	-2836.0
509	1945	-2602	I11	-328.5	1059.0	-1737.1	-204.0	-2836.0
510	1598	-2314	I11	-358.0	1022.9	-1684.9	-204.0	-2836.0
511	289	-944	I11	-327.5	928.0	-1558.5	-204.0	-2836.0
512	249	-380	I11	-65.5	956.0	-1516.3	-204.0	-2836.0
513	1497	-1796	I11	-149.5	1059.9	-1623.5	-201.0	-2836.0
514	1990	-2810	I11	-410.0	1080.9	-1683.2	-201.0	-2836.0
515	960	-1953	I11	-496.5	979.2	-1600.0	-201.0	-2836.0
516	-218	-541	I11	-379.5	891.1	-1489.2	-218.0	-2836.0
517	500	-925	I11	-212.5	961.2	-1543.3	-218.0	-2836.0
518	1792	-2413	I11	-310.5	1060.2	-1667.8	-218.0	-2836.0
519	1769	-2564	I11	-397.5	1042.6	-1664.0	-218.0	-2836.0
520	419	-1305	I11	-443.0	924.7	-1563.1	-218.0	-2810.0
521	-106	-360	I11	-233.0	885.2	-1504.7	-218.0	-2810.0
522	1049	-1490	I11	-220.5	965.2	-1615.7	-218.0	-2810.0
523	1908	-2803	I11	-447.5	1006.3	-1716.4	-218.0	-2810.0
524	1252	-2170	I11	-459.0	932.5	-1652.4	-218.0	-2810.0
525	28	-700	I11	-336.0	839.3	-1527.1	-218.0	-2810.0
526	435	-479	I11	-22.0	904.6	-1520.9	-218.0	-2810.0
527	1721	-1642	I11	39.5	1026.7	-1592.6	-218.0	-2810.0
528	1950	-1874	I11	38.0	1042.5	-1538.7	-218.0	-2810.0
529	675	-509	I11	83.0	933.1	-1333.2	-218.0	-2810.0
532	2053	-787	I11	633.0	1096.5	-1281.4	-218.0	-2810.0
533	1689	-144	I11	772.5	1276.0	-1259.8	-218.0	-2810.0
537	2180	-175	I11	1002.5	1389.1	-1128.3	-218.0	-2810.0
546	2044	-141	I11	951.5	1402.7	-862.1	-218.0	-2810.0
560	2123	-138	I11	992.5	1489.8	-658.9	-218.0	-2803.0
569	2163	-176	I11	993.5	1703.3	-606.5	-218.0	-2803.0
578	2082	-184	I11	949.0	1868.0	-577.0	-106.0	-2803.0
587	2055	-124	I11	965.5	1901.4	-425.2	-106.0	-2803.0
592	2111	-525	I11	793.0	1917.5	-290.3	-106.0	-2803.0
596	2112	-820	I11	646.0	2061.2	-321.4	-106.0	-2803.0
597	1752	-912	I11	420.0	2031.1	-333.9	-106.0	-2803.0
600	1507	-640	I11	433.5	2012.9	-383.5	28.0	-2803.0
601	2150	-1957	I11	96.5	2009.9	-561.7	28.0	-2803.0
602	1090	-1236	I11	-73.0	1914.5	-671.2	28.0	-2170.0
604	529	-283	I11	123.0	1755.1	-685.7	28.0	-1957.0
605	1920	-1939	I11	-9.5	1730.8	-862.0	435.0	-1957.0
606	1845	-2194	I11	-174.5	1707.1	-1063.0	529.0	-2194.0
607	472	-984	I11	-256.0	1548.8	-1149.0	472.0	-2194.0
608	4	-114	I11	-55.0	1338.1	-1107.9	4.0	-2194.0
609	1234	-1379	I11	-72.5	1250.3	-1163.8	4.0	-2194.0
610	2065	-2775	I11	-355.0	1281.6	-1350.1	4.0	-2775.0
611	1266	-2161	I11	-447.5	1257.5	-1502.2	4.0	-2775.0
612	-58	-739	I11	-398.5	1036.7	-1380.4	-58.0	-2775.0
613	450	-729	I11	-139.5	972.7	-1329.7	-58.0	-2775.0
614	1829	-2291	I11	-231.0	1102.7	-1530.5	-58.0	-2775.0
615	2020	-2847	I11	-413.5	1112.7	-1621.3	-58.0	-2847.0
616	641	-1679	I11	-519.0	992.3	-1569.8	-58.0	-2847.0
617	-203	-432	I11	-317.5	924.8	-1514.6	-203.0	-2847.0
618	850	-1310	I11	-230.0	1009.4	-1634.2	-203.0	-2847.0
619	1936	-2743	I11	-403.5	1079.6	-1770.6	-203.0	-2847.0
620	1498	-2356	I11	-429.0	1022.9	-1728.7	-203.0	-2847.0
621	193	-968	I11	-387.5	915.6	-1609.4	-203.0	-2847.0
622	264	-463	I11	-99.5	947.8	-1581.8	-203.0	-2847.0
623	1564	-1906	I11	-171.0	1059.2	-1699.5	-203.0	-2847.0
624	2002	-2820	I11	-409.0	1076.5	-1752.4	-203.0	-2847.0
625	908	-1884	I11	-488.0	965.3	-1656.1	-203.0	-2847.0
626	-267	-442	I11	-354.5	874.5	-1532.4	-267.0	-2847.0
627	524	-937	I11	-206.5	947.2	-1582.9	-267.0	-2847.0
628	1805	-2431	I11	-313.0	1042.7	-1695.0	-267.0	-2847.0
629	1697	-2463	I11	-383.0	1018.8	-1667.0	-267.0	-2847.0
630	352	-1151	I11	-399.5	904.2	-1546.5	-267.0	-2847.0
631	-55	-291	I11	-173.0	879.4	-1478.8	-267.0	-2847.0
632	1152	-1538	I11	-193.0	968.2	-1586.3	-267.0	-2847.0
633	1928	-2817	I11	-444.5	1004.6	-1677.4	-267.0	-2847.0
634	1177	-2166	I11	-494.5	922.1	-1612.0	-267.0	-2847.0
635	-106	-750	I11	-428.0	820.7	-1498.6	-267.0	-2820.0
636	413	-729	I11	-158.0	888.7	-1527.3	-267.0	-2820.0
637	1725	-2189	I11	-232.0	1008.8	-1652.5	-267.0	-2820.0
638	1884	-2713	I11	-414.5	1016.7	-1680.7	-267.0	-2820.0
639	598	-1578	I11	-490.0	906.8	-1592.2	-267.0	-2820.0
640	-207	-373	I11	-290.0	850.9	-1514.4	-267.0	-2820.0
641	825	-1201	I11	-188.0	938.9	-1605.4	-267.0	-2820.0
642	1932	-2621	I11	-344.5	1016.9	-1713.7	-267.0	-2820.0
643	1548	-2292	I11	-372.0	978.9	-1661.2	-267.0	-2820.0
644	235	-918	I11	-341.5	884.7	-1536.4	-267.0	-2817.0
645	262	-397	I11	-67.5	921.5	-1501.1	-267.0	-2817.0
646	1560	-1841	I11	-140.5	1036.2	-1612.3	-207.0	-2817.0
647	2035	-2831	I11	-398.0	1067.2	-1676.5	-207.0	-2831.0
648	982	-1940	I11	-479.0	977.0	-1599.2	-207.0	-2831.0
649	-214	-535	I11	-374.5	895.8	-1494.9	-214.0	-2831.0
650	515	-943	I11	-214.0	968.0	-1551.9	-214.0	-2831.0
651	1784	-2407	I11	-311.5	1063.9	-1672.5	-214.0	-2831.0
652	1749	-2516	I11	-383.5	1045.6	-1662.0	-214.0	-2831.0
653	451	-1262	I11	-405.5	935.9	-1559.0	-214.0	-2831.0
654	-8	-360	I11	-184.0	911.6	-1503.2	-214.0	-2831.0
655	1171	-1537	I11	-183.0	1002.5	-1617.2	-214.0	-2831.0
656	1982	-2843	I11	-430.5	1044.7	-1717.4	-214.0	-2843.0
657	1299	-2230	I11	-465.5	971.1	-1657.3	-214.0	-2843.0
658	44	-817	I11	-386.5	877.3	-1545.0	-214.0	-2843.0
659	492	-679	I11	-93.5	947.9	-1559.4	-214.0	-2843.0
660	1814	-2165	I11	-175.5	1077.8	-1681.6	-214.0	-2843.0
661	2023	-2775	I11	-376.0	1101.7	-1718.4	-214.0	-2843.0
662	707	-1657	I11	-475.0	997.5	-1632.5	-214.0	-2843.0
663	-217	-357	I11	-287.0	930.7	-1542.0	-217.0	-2843.0
664	768	-1126	I11	-179.0	1008.3	-1618.6	-217.0	-2843.0
665	1939	-2559	I11	-310.0	1085.1	-1720.8	-217.0	-2843.0
666	1595	-2284	I11	-344.5	1046.4	-1664.9	-217.0	-2843.0
667	253	-902	I11	-324.5	941.8	-1532.1	-217.0	-2843.0
668	208	-310	I11	-51.0	958.2	-1481.4	-217.0	-2843.0
669	1496	-1756	I11	-130.0	1058.6	-1589.1	-217.0	-2843.0
670	2035	-2816	I11	-390.5	1080.7	-1654.2	-217.0	-2843.0
671	1012	-1942	I11	-465.0	979.6	-1570.9	-217.0	-2843.0
672	-187	-517	I11	-352.0	890.2	-1456.9	-217.0	-2843.0
673	540	-886	I11	-173.0	965.9	-1509.8	-217.0	-2843.0
674	1831	-2371	I11	-270.0	1072.2	-1634.3	-217.0	-2843.0
675	1816	-2549	I11	-366.5	1059.9	-1633.3	-217.0	-2843.0
676	500	-1294	I11	-397.0	950.4	-1534.3	-217.0	-2816.0
677	-28	-344	I11	-186.0	922.3	-1478.5	-217.0	-2816.0
678	1110	-1475	I11	-182.5	1012.5	-1595.0	-217.0	-2816.0
679	1963	-2803	I11	-420.0	1059.2	-1699.7	-217.0	-2816.0
680	1307	-2200	I11	-446.5	986.4	-1638.1	-217.0	-2816.0
681	50	-805	I11	-377.5	890.2	-1524.4	-217.0	-2816.0
682	462	-600	I11	-69.0	955.1	-1532.7	-217.0	-2816.0
683	1787	-2099	I11	-156.0	1079.8	-1654.0	-187.0	-2816.0
684	2034	-2749	I11	-357.5	1100.1	-1691.8	-187.0	-2816.0
685	740	-1658	I11	-459.0	992.5	-1602.7	-187.0	-2816.0
686	-212	-333	I11	-272.5	921.3	-1506.6	-212.0	-2816.0
687	750	-1058	I11	-154.0	999.1	-1578.0	-212.0	-2816.0
688	1965	-2513	I11	-274.0	1084.6	-1681.8	-212.0	-2816.0
689	1665	-2298	I11	-316.5	1054.8	-1631.3	-212.0	-2816.0
690	351	-947	I11	-298.0	959.2	-1506.0	-212.0	-2803.0
691	235	-314	I11	-39.5	977.7	-1456.9	-212.0	-2803.0
692	1474	-1744	I11	-135.0	1078.9	-1571.3	-212.0	-2803.0
693	2027	-2779	I11	-376.0	1102.9	-1639.3	-212.0	-2803.0
694	1070	-1773	I11	-351.5	1006.5	-1541.7	-212.0	-2803.0
695	-71	-313	I11	-192.0	925.4	-1407.2	-212.0	-2803.0
696	643	-495	I11	74.0	1010.9	-1423.4	-212.0	-2803.0
697	1905	-1562	I11	171.5	1126.4	-1473.8	-212.0	-2803.0
698	1905	-1378	I11	263.5	1120.4	-1360.3	-212.0	-2803.0
702	2142	-748	I11	697.0	1168.1	-1205.3	-212.0	-2779.0
707	2119	-145	I11	987.0	1344.9	-1125.1	-212.0	-2779.0
716	2160	-175	I11	992.5	1537.4	-1111.2	-212.0	-2779.0
725	2034	-89	I11	972.5	1593.4	-945.7	-212.0	-2779.0
739	2111	-202	I11	954.5	1601.8	-688.0	-212.0	-2779.0
743	2075	-287	I11	894.0	1702.3	-539.4	-212.0	-2779.0
744	1677	-287	I11	695.0	1877.1	-536.8	-212.0	-2779.0
747	1566	-141	I11	712.5	1969.4	-501.4	-71.0	-2779.0
748	2162	-1477	I11	342.5	1995.1	-492.9	-71.0	-2779.0
749	1086	-861	I11	112.5	1913.2	-441.2	-71.0	-2779.0
752	1951	-1787	I11	82.0	1894.1	-545.1	-71.0	-2779.0
753	1847	-2129	I11	-141.0	1866.9	-743.5	-71.0	-2779.0
754	488	-973	I11	-242.5	1699.7	-823.3	-71.0	-2779.0
755	28	-148	I11	-60.0	1499.1	-829.2	-71.0	-2779.0
756	1249	-1413	I11	-82.0	1412.9	-950.3	-71.0	-2129.0
757	2063	-2790	I11	-363.5	1411.7	-1200.6	-71.0	-2790.0
758	1302	-2183	I11	-440.5	1374.2	-1390.2	28.0	-2790.0
759	16	-789	I11	-386.5	1219.2	-1455.0	16.0	-2790.0
760	523	-785	I11	-131.0	1055.3	-1385.8	16.0	-2790.0
761	1853	-2291	I11	-219.0	1132.0	-1528.8	16.0	-2790.0
762	2003	-2792	I11	-394.5	1137.2	-1629.3	16.0	-2792.0
763	682	-1638	I11	-478.0	1020.7	-1580.2	16.0	-2792.0
764	-145	-418	I11	-281.5	957.4	-1524.7	-145.0	-2792.0
765	888	-1264	I11	-188.0	1043.4	-1636.3	-145.0	-2792.0
766	1975	-2679	I11	-352.0	1116.0	-1762.9	-145.0	-2792.0
767	1551	-2314	I11	-381.5	1064.8	-1715.3	-145.0	-2792.0
768	235	-921	I11	-343.0	958.1	-1589.1	-145.0	-2792.0
769	269	-396	I11	-63.5	983.4	-1549.8	-145.0	-2792.0
770	1535	-1817	I11	-141.0	1084.6	-1653.0	-145.0	-2792.0
771	1996	-2771	I11	-387.5	1098.9	-1701.0	-145.0	-2792.0
772	949	-1862	I11	-456.5	993.5	-1608.0	-145.0	-2792.0
773	-234	-448	I11	-341.0	901.9	-1489.0	-234.0	-2792.0
774	519	-883	I11	-182.0	968.3	-1535.5	-234.0	-2792.0
775	1796	-2361	I11	-282.5	1059.1	-1645.2	-234.0	-2792.0
776	1714	-2434	I11	-360.0	1033.0	-1620.7	-234.0	-2792.0
777	398	-1148	I11	-375.0	917.7	-1504.1	-234.0	-2792.0
778	-30	-272	I11	-151.0	891.2	-1439.2	-234.0	-2792.0
779	1153	-1475	I11	-161.0	979.6	-1547.1	-234.0	-2792.0
780	1963	-2792	I11	-414.5	1022.4	-1644.6	-234.0	-2792.0
781	1246	-2156	I11	-455.0	947.4	-1583.1	-234.0	-2792.0
782	-48	-739	I11	-393.5	847.7	-1470.8	-234.0	-2792.0
783	457	-658	I11	-100.5	916.8	-1491.8	-234.0	-2792.0
784	1787	-2149	I11	-181.0	1043.6	-1618.4	-234.0	-2792.0
785	1970	-2727	I11	-378.5	1061.0	-1655.0	-234.0	-2792.0
786	677	-1611	I11	-467.0	957.3	-1572.7	-234.0	-2792.0
787	-175	-370	I11	-272.5	900.0	-1494.9	-234.0	-2792.0
788	819	-1155	I11	-168.0	984.9	-1583.2	-234.0	-2792.0
789	1963	-2584	I11	-310.5	1065.9	-1694.1	-234.0	-2792.0
790	1621	-2284	I11	-331.5	1031.7	-1643.3	-234.0	-2792.0
791	323	-913	I11	-295.0	939.4	-1519.0	-234.0	-2792.0
792	297	-358	I11	-30.5	973.9	-1480.9	-234.0	-2792.0
793	1561	-1790	I11	-114.5	1084.3	-1594.1	-175.0	-2792.0
794	2062	-2823	I11	-380.5	1111.8	-1661.5	-175.0	-2823.0
795	1050	-1940	I11	-445.0	1019.8	-1582.8	-175.0	-2823.0
796	-118	-538	I11	-328.0	940.3	-1475.5	-175.0	-2823.0
797	584	-898	I11	-157.0	1016.2	-1528.3	-175.0	-2823.0
798	1853	-2358	I11	-252.5	1119.6	-1648.6	-175.0	-2823.0
799	1844	-2521	I11	-338.5	1107.7	-1642.3	-175.0	-2823.0
800	526	-1263	I11	-368.5	998.2	-1540.2	-175.0	-2823.0
801	0	-332	I11	-166.0	965.9	-1482.1	-175.0	-2823.0
802	1176	-1480	I11	-152.0	1053.8	-1594.3	-175.0	-2823.0
803	2015	-2813	I11	-399.0	1099.2	-1696.6	-175.0	-2823.0
804	1332	-2190	I11	-429.0	1026.2	-1633.3	-175.0	-2823.0
805	56	-783	I11	-363.5	926.8	-1517.6	-175.0	-2823.0
806	445	-590	I11	-72.5	983.1	-1522.8	-175.0	-2823.0
807	1795	-2115	I11	-160.0	1104.2	-1644.5	-118.0	-2823.0
808	2036	-2772	I11	-368.0	1122.5	-1685.9	-118.0	-2823.0
809	694	-1658	I11	-482.0	1007.5	-1599.6	-118.0	-2823.0
810	-234	-344	I11	-289.0	931.5	-1507.7	-234.0	-2823.0
811	757	-1075	I11	-159.0	1007.2	-1582.0	-234.0	-2823.0
812	1943	-2206	I11	-131.5	1083.9	-1654.6	-234.0	-2823.0
813	1621	-1598	I11	11.5	1044.5	-1533.1	-234.0	-2823.0
816	1562	-594	I11	484.0	1067.5	-1373.5	-234.0	-2813.0
817	2103	-1237	I11	433.0	1272.2	-1418.9	-234.0	-2813.0
826	2105	-202	I11	951.5	1438.2	-1380.1	-234.0	-2813.0
831	2086	-92	I11	997.0	1467.3	-1177.8	-234.0	-2813.0
840	2074	-147	I11	963.5	1471.1	-915.3	-234.0	-2813.0
849	2129	-134	I11	997.5	1614.6	-762.9	-234.0	-2813.0
858	2073	-137	I11	968.0	1845.3	-742.2	-234.0	-2813.0
863	2149	-91	I11	1029.0	1984.5	-643.8	-234.0	-2813.0
872	2091	-102	I11	994.5	1999.3	-433.4	-234.0	-2813.0
881	2098	-147	I11	975.5	2047.0	-288.3	-234.0	-2772.0
890	2048	-101	I11	973.5	2095.6	-239.0	-234.0	-2772.0
895	2145	-127	I11	1009.0	2099.8	-128.0	-234.0	-2772.0
904	2096	-150	I11	973.0	2098.9	-122.8	-234.0	-2772.0
