	X	Y	Label	meanY	avgX	avgY	minX	minY
18	2149	-120	I6	1014.5				
41	2117	-98	I6	1009.5				
64	2179	-118	I6	1030.5				
110	2130	-105	I6	1012.5				
128	2069	-94	I6	987.5				
133	2114	-403	I6	855.5				
142	2038	-448	I6	795.0				
147	1972	-423	I6	774.5				
151	2035	-424	I6	805.5				
152	1586	-91	I6	747.5	2038.9	-232.4		
156	2119	-708	I6	705.5	2035.9	-291.2		
160	1822	-217	I6	802.5	2006.4	-303.1		
161	1726	-302	I6	712.0	1961.1	-321.5		
165	2014	-630	I6	692.0	1949.5	-374.0		
170	2101	-500	I6	800.5	1952.7	-414.6		
174	2100	-380	I6	860.0	1951.3	-412.3		
179	2120	-621	I6	749.5	1959.5	-429.6		
184	1736	-170	I6	783.0	1935.9	-404.3		
188	2024	-553	I6	735.5	1934.8	-417.2		
193	2073	-526	I6	773.5	1983.5	-460.7	1586.0	-708.0
197	2073	-426	I6	823.5	1978.9	-432.5	1586.0	-708.0
202	2124	-638	I6	743.0	2009.1	-474.6	1586.0	-708.0
206	1823	-112	I6	855.5	2018.8	-455.6	1586.0	-708.0
207	1711	-197	I6	757.0	1988.5	-412.3	1586.0	-708.0
211	1997	-576	I6	710.5	1978.1	-419.9	1586.0	-708.0
216	2089	-512	I6	788.5	1977.0	-433.1	1586.0	-708.0
220	2160	-451	I6	854.5	1981.0	-416.1	1586.0	-708.0
225	2116	-654	I6	731.0	2019.0	-464.5	1586.0	-708.0
230	1698	-130	I6	784.0	1986.4	-422.2	1586.0	-708.0
234	1985	-548	I6	718.5	1977.6	-424.4	1698.0	-708.0
239	2033	-544	I6	744.5	1973.6	-436.2	1698.0	-654.0
243	2127	-491	I6	818.0	1973.9	-421.5	1698.0	-654.0
244	1658	-103	I6	777.5	1957.4	-420.6	1658.0	-654.0
248	2092	-615	I6	738.5	1995.5	-462.4	1658.0	-654.0
252	1851	-153	I6	849.0	1980.9	-420.1	1658.0	-654.0
253	1737	-222	I6	757.5	1945.7	-391.1	1658.0	-654.0
257	2026	-602	I6	712.0	1932.3	-406.2	1658.0	-654.0
262	2049	-473	I6	788.0	1925.6	-388.1	1658.0	-654.0
266	2089	-404	I6	842.5	1964.7	-415.5	1658.0	-654.0
271	2076	-607	I6	734.5	1973.8	-421.4	1658.0	-654.0
280	2042	-245	I6	898.5	1974.7	-391.5	1658.0	-654.0
294	2123	-119	I6	1002.0	1974.3	-354.3	1658.0	-654.0
335	2073	-207	I6	933.0	2015.8	-364.7	1658.0	-654.0
340	2150	-717	I6	716.5	2021.6	-374.9	1658.0	-717.0
344	1903	-330	I6	786.5	2026.8	-392.6	1658.0	-717.0
345	1775	-421	I6	677.0	2030.6	-412.5	1658.0	-717.0
349	2032	-825	I6	603.5	2031.2	-434.8	1658.0	-825.0
350	1281	-196	I6	542.5	1954.4	-407.1	1281.0	-825.0
353	1830	-202	I6	814.0	1928.5	-386.9	1281.0	-825.0
354	2022	-759	I6	631.5	1923.1	-402.1	1281.0	-825.0
358	2082	-724	I6	679.0	1927.1	-450.0	1281.0	-825.0
359	1660	-331	I6	664.5	1880.8	-471.2	1281.0	-825.0
363	2148	-844	I6	652.0	1888.3	-534.9	1281.0	-844.0
367	1918	-255	I6	831.5	1865.1	-488.7	1281.0	-844.0
368	1780	-300	I6	740.0	1852.8	-485.7	1281.0	-844.0
372	2063	-713	I6	675.0	1881.6	-514.9	1281.0	-844.0
376	1859	-152	I6	853.5	1864.3	-447.6	1281.0	-844.0
377	2044	-660	I6	692.0	1940.6	-494.0	1281.0	-844.0
381	2121	-639	I6	741.0	1969.7	-537.7	1281.0	-844.0
382	1622	-200	I6	711.0	1929.7	-481.8	1281.0	-844.0
386	2132	-742	I6	695.0	1934.7	-483.6	1281.0	-844.0
390	1956	-299	I6	828.5	1964.3	-480.4	1281.0	-844.0
391	1783	-278	I6	752.5	1927.8	-423.8	1281.0	-844.0
395	2092	-719	I6	686.5	1945.2	-470.2	1281.0	-844.0
399	1838	-158	I6	840.0	1951.0	-456.0	1281.0	-844.0
400	1971	-618	I6	676.5	1941.8	-446.5	1281.0	-844.0
404	2090	-649	I6	720.5	1964.9	-496.2	1281.0	-844.0
405	1589	-187	I6	701.0	1919.4	-448.9	1589.0	-844.0
409	2148	-739	I6	704.5	1922.1	-458.9	1589.0	-844.0
413	1899	-258	I6	820.5	1949.8	-464.7	1589.0	-844.0
414	1749	-246	I6	751.5	1911.5	-415.1	1589.0	-844.0
418	2043	-680	I6	681.5	1920.2	-453.2	1589.0	-844.0
423	2035	-583	I6	726.0	1945.4	-483.7	1589.0	-742.0
427	2154	-634	I6	760.0	1951.6	-475.2	1589.0	-742.0
428	1649	-210	I6	719.5	1932.7	-480.4	1589.0	-742.0
432	2120	-612	I6	754.0	1947.6	-479.8	1589.0	-742.0
487	2141	-102	I6	1019.5	1952.7	-425.1	1589.0	-742.0
492	2009	-108	I6	950.5	1994.7	-417.2	1589.0	-742.0
496	2085	-293	I6	896.0	1988.4	-372.6	1589.0	-742.0
501	2148	-442	I6	853.0	2013.3	-391.0	1589.0	-742.0
505	1995	-146	I6	924.5	2037.9	-381.0	1589.0	-739.0
506	1783	-150	I6	816.5	2011.9	-328.0	1589.0	-739.0
510	2058	-704	I6	677.0	2014.2	-340.1	1589.0	-739.0
514	1850	-257	I6	796.5	1983.8	-302.4	1589.0	-739.0
515	1963	-657	I6	653.0	2015.2	-347.1	1589.0	-739.0
519	2129	-800	I6	664.5	2016.1	-365.9	1589.0	-800.0
520	1559	-282	I6	638.5	1957.9	-383.9	1559.0	-800.0
524	2099	-782	I6	658.5	1966.9	-451.3	1559.0	-800.0
528	1947	-364	I6	791.5	1953.1	-458.4	1559.0	-800.0
529	1694	-253	I6	720.5	1907.7	-439.5	1559.0	-800.0
533	2099	-791	I6	654.0	1918.1	-504.0	1559.0	-800.0
537	1887	-254	I6	816.5	1928.5	-514.4	1559.0	-800.0
538	1964	-612	I6	676.0	1919.1	-505.2	1559.0	-800.0
542	2122	-746	I6	688.0	1946.3	-554.1	1559.0	-800.0
543	1547	-196	I6	675.5	1904.7	-508.0	1547.0	-800.0
547	2130	-735	I6	697.5	1904.8	-501.5	1547.0	-800.0
551	2008	-367	I6	820.5	1949.7	-510.0	1547.0	-800.0
552	1749	-255	I6	747.0	1914.7	-457.3	1547.0	-800.0
556	2148	-790	I6	679.0	1934.8	-499.9	1547.0	-800.0
560	1945	-279	I6	833.0	1959.9	-502.5	1547.0	-800.0
561	2014	-600	I6	707.0	1951.4	-483.4	1547.0	-800.0
565	2155	-777	I6	689.0	1978.2	-535.7	1547.0	-800.0
566	1543	-217	I6	663.0	1936.1	-496.2	1543.0	-800.0
570	2116	-707	I6	704.5	1935.5	-492.3	1543.0	-800.0
574	1972	-389	I6	791.5	1978.0	-511.6	1543.0	-800.0
575	1695	-216	I6	739.5	1934.5	-459.7	1543.0	-791.0
579	2062	-793	I6	634.5	1939.9	-502.3	1543.0	-793.0
583	1861	-297	I6	782.0	1951.1	-506.5	1543.0	-793.0
584	1911	-591	I6	660.0	1927.4	-486.6	1543.0	-793.0
588	2130	-812	I6	659.0	1945.9	-539.9	1543.0	-812.0
589	1489	-240	I6	624.5	1893.4	-503.9	1489.0	-812.0
593	2020	-769	I6	625.5	1879.9	-503.1	1489.0	-812.0
597	1793	-481	I6	656.0	1904.9	-529.5	1489.0	-812.0
598	1501	-311	I6	595.0	1843.4	-489.9	1489.0	-812.0
602	2005	-911	I6	547.0	1846.7	-542.1	1489.0	-911.0
603	1002	-116	I6	443.0	1777.4	-532.1	1002.0	-911.0
606	1712	-351	I6	680.5	1742.4	-487.9	1002.0	-911.0
607	1765	-624	I6	570.5	1732.8	-520.6	1002.0	-911.0
611	1877	-816	I6	530.5	1729.4	-543.1	1002.0	-911.0
612	1225	-234	I6	495.5	1638.9	-485.3	1002.0	-911.0
616	1971	-812	I6	579.5	1687.1	-542.5	1002.0	-911.0
620	1898	-510	I6	694.0	1674.9	-516.6	1002.0	-911.0
621	1589	-308	I6	640.5	1654.5	-499.3	1002.0	-911.0
625	2021	-853	I6	584.0	1706.5	-553.5	1002.0	-911.0
629	1761	-293	I6	734.0	1682.1	-491.7	1002.0	-911.0
630	1790	-549	I6	620.5	1760.9	-535.0	1002.0	-911.0
634	1997	-717	I6	640.0	1789.4	-571.6	1002.0	-911.0
635	1377	-145	I6	616.0	1750.6	-523.7	1002.0	-911.0
639	2056	-684	I6	686.0	1768.5	-510.5	1002.0	-911.0
643	1963	-390	I6	786.5	1842.3	-526.1	1002.0	-911.0
644	1651	-217	I6	717.0	1810.3	-466.6	1002.0	-911.0
648	2085	-633	I6	726.0	1829.0	-478.9	1002.0	-911.0
671	2132	-118	I6	1007.0	1883.3	-459.9	1002.0	-911.0
694	2130	-125	I6	1002.5	1894.2	-387.1	1002.0	-911.0
717	2110	-136	I6	987.0	1929.1	-371.4	1002.0	-853.0
726	2079	-104	I6	987.5	1958.0	-326.9	1225.0	-853.0
731	2055	-306	I6	874.5	1963.8	-285.8	1225.0	-853.0
735	1958	-259	I6	849.5	2021.9	-297.2	1225.0	-853.0
736	1692	-204	I6	744.0	1985.5	-249.2	1225.0	-853.0
740	2093	-893	I6	600.0	1998.5	-299.5	1377.0	-893.0
741	1140	-182	I6	479.0	1947.4	-296.0	1140.0	-893.0
744	1866	-470	I6	698.0	1925.5	-279.7	1140.0	-893.0
745	1924	-772	I6	576.0	1904.7	-345.1	1140.0	-893.0
749	2068	-1011	I6	528.5	1898.5	-433.7	1140.0	-1011.0
750	1450	-476	I6	487.0	1832.5	-467.7	1140.0	-1011.0
753	1793	-262	I6	765.5	1803.9	-483.5	1140.0	-1011.0
754	2116	-962	I6	577.0	1810.0	-549.1	1140.0	-1011.0
758	2085	-669	I6	708.0	1822.7	-590.1	1140.0	-1011.0
759	1753	-412	I6	670.5	1828.8	-610.9	1140.0	-1011.0
763	2172	-893	I6	639.5	1836.7	-610.9	1140.0	-1011.0
767	1852	-338	I6	757.0	1907.9	-626.5	1140.0	-1011.0
768	1843	-564	I6	639.5	1905.6	-635.9	1140.0	-1011.0
772	2029	-828	I6	600.5	1916.1	-641.5	1140.0	-1011.0
773	1345	-260	I6	542.5	1843.8	-566.4	1140.0	-1011.0
776	1759	-130	I6	814.5	1874.7	-531.8	1140.0	-1011.0
777	2065	-803	I6	631.0	1901.9	-585.9	1140.0	-1011.0
781	1992	-539	I6	726.5	1889.5	-543.6	1140.0	-1011.0
782	1666	-283	I6	691.5	1847.6	-505.0	1140.0	-1011.0
786	2125	-851	I6	637.0	1884.8	-548.9	1140.0	-1011.0
790	1903	-351	I6	776.0	1857.9	-494.7	1140.0	-1011.0
791	1884	-566	I6	659.0	1861.1	-517.5	1345.0	-1011.0
795	2084	-839	I6	622.5	1885.2	-545.0	1345.0	-1011.0
796	1387	-228	I6	579.5	1821.0	-485.0	1345.0	-1011.0
799	1779	-94	I6	842.5	1864.4	-468.4	1345.0	-962.0
800	2060	-769	I6	645.5	1894.5	-532.3	1345.0	-962.0
804	2011	-515	I6	748.0	1889.1	-503.5	1345.0	-962.0
805	1645	-248	I6	698.5	1854.4	-474.4	1345.0	-893.0
809	2107	-791	I6	658.0	1898.5	-525.2	1345.0	-893.0
813	1814	-271	I6	771.5	1867.4	-467.2	1345.0	-893.0
814	1775	-459	I6	658.0	1854.6	-478.0	1345.0	-851.0
818	2038	-806	I6	616.0	1870.0	-502.0	1345.0	-851.0
819	1311	-175	I6	568.0	1792.7	-435.6	1311.0	-851.0
823	2071	-698	I6	686.5	1861.1	-482.6	1311.0	-851.0
827	2020	-519	I6	750.5	1885.2	-525.1	1311.0	-851.0
828	1624	-211	I6	706.5	1841.6	-469.3	1311.0	-851.0
832	2078	-811	I6	633.5	1848.3	-498.9	1311.0	-851.0
836	1827	-294	I6	766.5	1866.5	-503.5	1311.0	-851.0
837	1762	-430	I6	666.0	1832.0	-467.4	1311.0	-851.0
841	2047	-809	I6	619.0	1855.3	-521.2	1311.0	-839.0
842	1326	-171	I6	577.5	1810.4	-492.4	1311.0	-839.0
845	1840	-101	I6	869.5	1790.6	-421.9	1311.0	-839.0
846	2084	-720	I6	682.0	1867.9	-476.4	1311.0	-811.0
850	2072	-586	I6	743.0	1868.0	-465.2	1311.0	-811.0
851	1625	-226	I6	699.5	1828.5	-435.9	1311.0	-811.0
855	2053	-832	I6	610.5	1871.4	-498.0	1311.0	-832.0
859	1814	-306	I6	754.0	1845.0	-447.5	1311.0	-832.0
860	1726	-407	I6	659.5	1834.9	-458.8	1311.0	-832.0
864	2055	-815	I6	620.0	1864.2	-497.3	1311.0	-832.0
865	1304	-179	I6	562.5	1789.9	-434.3	1304.0	-832.0
868	1795	-156	I6	819.5	1836.8	-432.8	1304.0	-832.0
869	2033	-735	I6	649.0	1856.1	-496.2	1304.0	-832.0
873	2031	-582	I6	724.5	1850.8	-482.4	1304.0	-832.0
874	1611	-227	I6	692.0	1804.7	-446.5	1304.0	-832.0
878	2114	-776	I6	669.0	1853.6	-501.5	1304.0	-832.0
882	1894	-301	I6	796.5	1837.7	-448.4	1304.0	-832.0
883	1810	-393	I6	708.5	1837.3	-457.1	1304.0	-832.0
887	2071	-810	I6	630.5	1871.8	-497.4	1304.0	-832.0
888	1309	-194	I6	557.5	1797.2	-435.3	1304.0	-832.0
891	1755	-141	I6	807.0	1842.3	-431.5	1304.0	-832.0
892	1982	-725	I6	628.5	1861.0	-488.4	1304.0	-832.0
896	1935	-586	I6	674.5	1851.2	-473.5	1304.0	-832.0
897	1509	-196	I6	656.5	1799.0	-434.9	1304.0	-832.0
901	2013	-715	I6	649.0	1839.2	-483.7	1304.0	-832.0
910	2016	-275	I6	870.5	1829.4	-433.6	1304.0	-832.0
947	2057	-138	I6	959.5	1845.7	-417.3	1304.0	-815.0
956	2009	-129	I6	940.0	1865.6	-390.9	1304.0	-815.0
965	2035	-105	I6	965.0	1862.0	-320.4	1304.0	-815.0
970	2076	-277	I6	899.5	1938.7	-328.7	1304.0	-810.0
979	1999	-464	I6	767.5	1963.1	-361.0	1309.0	-810.0
984	1899	-568	I6	665.5	1954.8	-345.3	1309.0	-810.0
988	2024	-752	I6	636.0	1963.7	-361.9	1309.0	-810.0
989	1489	-317	I6	586.0	1961.7	-374.0	1309.0	-810.0
993	2072	-876	I6	598.0	1967.6	-390.1	1309.0	-876.0
997	1940	-486	I6	727.0	1960.0	-411.2	1309.0	-876.0
998	1693	-407	I6	643.0	1923.6	-438.1	1309.0	-876.0
1002	2029	-842	I6	593.5	1925.6	-509.4	1309.0	-876.0
1003	1135	-120	I6	507.5	1835.6	-510.9	1135.0	-876.0
1006	1759	-254	I6	752.5	1803.9	-508.6	1135.0	-876.0
1007	1842	-611	I6	615.5	1788.2	-523.3	1135.0	-876.0
1011	1991	-715	I6	638.0	1797.4	-538.0	1135.0	-876.0
1012	1399	-185	I6	607.0	1734.9	-481.3	1135.0	-876.0
1016	2038	-781	I6	628.5	1789.8	-527.7	1135.0	-876.0
1020	1910	-394	I6	758.0	1773.6	-479.5	1135.0	-876.0
1021	1637	-286	I6	675.5	1743.3	-459.5	1135.0	-876.0
1025	2038	-800	I6	619.0	1777.8	-498.8	1135.0	-876.0
1029	1769	-245	I6	762.0	1751.8	-439.1	1135.0	-876.0
1030	1835	-574	I6	630.5	1821.8	-484.5	1135.0	-876.0
1034	1972	-760	I6	606.0	1843.1	-535.1	1135.0	-876.0
1035	1348	-207	I6	570.5	1793.7	-494.7	1135.0	-876.0
1039	2021	-771	I6	625.0	1796.7	-500.3	1135.0	-876.0
1043	1951	-474	I6	738.5	1851.9	-529.2	1135.0	-876.0
1044	1640	-284	I6	678.0	1812.1	-479.5	1135.0	-876.0
1048	2019	-788	I6	615.5	1823.0	-518.9	1135.0	-842.0
1052	1736	-254	I6	741.0	1832.9	-515.7	1135.0	-842.0
1053	1767	-502	I6	632.5	1805.8	-485.9	1135.0	-842.0
1057	1981	-734	I6	623.5	1827.0	-534.8	1135.0	-800.0
1058	1363	-174	I6	594.5	1779.8	-494.8	1348.0	-800.0
1062	2017	-721	I6	648.0	1784.3	-490.9	1348.0	-800.0
1066	1885	-384	I6	750.5	1838.0	-508.6	1348.0	-800.0
1067	1604	-196	I6	704.0	1796.3	-451.1	1348.0	-800.0
1071	2015	-759	I6	628.0	1802.7	-479.6	1348.0	-800.0
1075	1747	-228	I6	759.5	1813.4	-474.0	1348.0	-800.0
1076	1806	-517	I6	644.5	1792.1	-446.9	1348.0	-800.0
1080	1972	-745	I6	613.5	1815.7	-496.0	1348.0	-800.0
1081	1311	-162	I6	574.5	1770.1	-462.0	1311.0	-788.0
1085	2046	-767	I6	639.5	1776.6	-465.3	1311.0	-788.0
1089	1980	-512	I6	734.0	1838.3	-499.1	1311.0	-788.0
1090	1628	-297	I6	665.5	1799.4	-456.7	1311.0	-788.0
1094	2062	-795	I6	633.5	1817.1	-497.8	1311.0	-795.0
1098	1789	-264	I6	762.5	1835.6	-504.6	1311.0	-795.0
1099	1760	-449	I6	655.5	1810.1	-473.6	1311.0	-795.0
1103	1965	-749	I6	608.0	1831.9	-525.7	1311.0	-795.0
1104	1271	-153	I6	559.0	1778.4	-489.3	1271.0	-795.0
1107	1711	-96	I6	807.5	1752.3	-424.4	1271.0	-795.0
1108	2012	-743	I6	634.5	1822.4	-482.5	1271.0	-795.0
1112	1989	-342	I6	823.5	1816.7	-440.0	1271.0	-795.0
1117	2120	-283	I6	918.5	1830.7	-417.1	1271.0	-795.0
1126	2025	-99	I6	963.0	1870.4	-397.3	1271.0	-795.0
1163	2074	-123	I6	975.5	1871.6	-330.1	1271.0	-795.0
1177	2017	-101	I6	958.0	1894.4	-313.8	1271.0	-795.0
1186	2070	-572	I6	749.0	1925.4	-326.1	1271.0	-795.0
1190	1762	-253	I6	754.5	1905.1	-276.5	1271.0	-795.0
1191	1727	-503	I6	612.0	1950.7	-311.5	1271.0	-795.0
1195	1978	-952	I6	513.0	1977.4	-397.1	1271.0	-952.0
1196	1267	-381	I6	443.0	1902.9	-360.9	1267.0	-952.0
1199	1770	-337	I6	716.5	1881.0	-360.4	1267.0	-952.0
1200	2070	-969	I6	550.5	1876.0	-429.0	1267.0	-969.0
1204	2021	-692	I6	664.5	1875.6	-488.3	1267.0	-969.0
1205	1626	-357	I6	634.5	1830.8	-511.7	1267.0	-969.0
1209	2046	-854	I6	596.0	1833.7	-587.0	1267.0	-969.0
1213	1799	-312	I6	743.5	1806.6	-561.0	1267.0	-969.0
1214	1726	-474	I6	626.0	1803.0	-583.1	1267.0	-969.0
1218	1957	-840	I6	558.5	1826.0	-616.8	1267.0	-969.0
1219	1240	-235	I6	502.5	1752.2	-545.1	1240.0	-969.0
1222	1725	-173	I6	776.0	1798.0	-524.3	1240.0	-969.0
1223	1977	-804	I6	586.5	1818.7	-571.0	1240.0	-969.0
1227	1965	-581	I6	692.0	1808.2	-532.2	1240.0	-969.0
1228	1591	-296	I6	647.5	1765.2	-492.6	1240.0	-969.0
1232	2043	-917	I6	563.0	1806.9	-548.6	1240.0	-969.0
1233	1037	-92	I6	472.5	1706.0	-472.4	1037.0	-969.0
1236	1787	-387	I6	700.0	1704.8	-479.9	1037.0	-969.0
1237	1760	-591	I6	584.5	1708.2	-491.6	1037.0	-969.0
1241	1964	-847	I6	558.5	1708.9	-492.3	1037.0	-969.0
1242	1271	-258	I6	506.5	1712.0	-494.6	1037.0	-969.0
1245	1736	-166	I6	785.0	1713.1	-493.9	1037.0	-969.0
1246	2017	-832	I6	592.5	1717.1	-496.7	1037.0	-969.0
1250	1979	-593	I6	693.0	1718.5	-497.9	1037.0	-917.0
1251	1613	-343	I6	635.0	1720.7	-502.6	1037.0	-917.0
1255	2069	-877	I6	596.0	1723.3	-498.6	1037.0	-917.0
1259	1783	-336	I6	723.5	1797.9	-523.0	1037.0	-917.0
1260	1774	-535	I6	619.5	1796.6	-537.8	1037.0	-917.0
1264	1968	-846	I6	561.0	1817.4	-563.3	1037.0	-917.0
1265	1297	-247	I6	525.0	1750.7	-503.3	1037.0	-917.0
1268	1724	-152	I6	786.0	1796.0	-492.7	1037.0	-917.0
1269	2041	-820	I6	610.5	1826.5	-558.1	1037.0	-917.0
1273	1975	-564	I6	705.5	1822.3	-531.3	1037.0	-917.0
1274	1613	-297	I6	658.0	1785.7	-501.7	1037.0	-917.0
1278	2057	-864	I6	596.5	1830.1	-553.8	1037.0	-917.0
1282	1773	-369	I6	702.0	1800.5	-503.0	1037.0	-877.0
1283	1747	-557	I6	595.0	1796.9	-525.1	1271.0	-877.0
1287	1967	-855	I6	556.0	1816.2	-557.1	1271.0	-877.0
1288	1271	-237	I6	517.0	1746.5	-496.2	1271.0	-877.0
1291	1710	-110	I6	800.0	1787.8	-482.5	1271.0	-877.0
1292	1993	-767	I6	613.0	1814.7	-544.0	1271.0	-877.0
1296	1936	-570	I6	683.0	1804.2	-519.0	1271.0	-877.0
1297	1586	-278	I6	654.0	1765.3	-490.4	1271.0	-877.0
1301	2079	-865	I6	607.0	1811.9	-547.2	1271.0	-877.0
1305	1819	-309	I6	755.0	1788.1	-491.7	1271.0	-877.0
1306	1794	-488	I6	653.0	1790.2	-503.6	1271.0	-865.0
1310	2022	-765	I6	628.5	1817.7	-524.4	1271.0	-865.0
1311	1370	-162	I6	604.0	1758.0	-455.1	1271.0	-865.0
1315	2094	-500	I6	797.0	1840.3	-481.4	1271.0	-865.0
1324	2179	-144	I6	1017.5	1887.2	-484.8	1271.0	-865.0
1347	2152	-143	I6	1004.5	1903.1	-422.4	1271.0	-865.0
1356	2033	-128	I6	952.5	1912.8	-378.2	1271.0	-865.0
1361	2031	-231	I6	900.0	1957.3	-373.5	1271.0	-865.0
1365	2034	-280	I6	877.0	1952.8	-315.0	1271.0	-865.0
1366	1654	-105	I6	774.5	1936.3	-294.6	1271.0	-865.0
1370	2081	-821	I6	630.0	1965.0	-327.9	1271.0	-865.0
1374	1761	-472	I6	644.5	1938.9	-298.6	1271.0	-865.0
1375	1711	-636	I6	537.5	1973.0	-346.0	1271.0	-865.0
1379	1946	-918	I6	514.0	1958.2	-387.8	1370.0	-918.0
1380	1253	-303	I6	475.0	1865.6	-403.7	1253.0	-918.0
1383	1710	-139	I6	785.5	1821.4	-403.3	1253.0	-918.0
1384	1985	-738	I6	623.5	1816.6	-464.3	1253.0	-918.0
1388	1946	-497	I6	724.5	1808.1	-490.9	1253.0	-918.0
1389	1602	-243	I6	679.5	1764.9	-487.2	1253.0	-918.0
1393	2011	-794	I6	608.5	1800.6	-556.1	1253.0	-918.0
1397	1766	-279	I6	743.5	1769.1	-501.9	1253.0	-918.0
1398	1732	-456	I6	638.0	1766.2	-500.3	1253.0	-918.0
1402	1981	-796	I6	592.5	1793.2	-516.3	1253.0	-918.0
1403	1276	-173	I6	551.5	1726.2	-441.8	1253.0	-918.0
1407	1996	-671	I6	662.5	1800.5	-478.6	1253.0	-918.0
1411	1966	-497	I6	734.5	1826.1	-514.4	1253.0	-918.0
1412	1554	-202	I6	676.0	1783.0	-460.8	1253.0	-918.0
1416	2041	-807	I6	617.0	1792.5	-491.8	1253.0	-918.0
1420	1767	-291	I6	738.0	1809.0	-496.6	1253.0	-918.0
1421	1700	-409	I6	645.5	1777.9	-458.1	1253.0	-918.0
1425	1960	-768	I6	596.0	1797.3	-507.0	1253.0	-918.0
1426	1240	-130	I6	555.0	1748.1	-474.4	1240.0	-918.0
1430	1963	-658	I6	652.5	1746.3	-460.6	1240.0	-918.0
1434	1939	-439	I6	750.0	1812.6	-487.2	1240.0	-807.0
1435	1555	-133	I6	711.0	1768.5	-433.4	1240.0	-807.0
1439	2053	-554	I6	749.5	1777.2	-439.1	1240.0	-807.0
1462	2083	-124	I6	979.5	1830.1	-431.3	1240.0	-807.0
1485	2122	-97	I6	1012.5	1838.2	-360.3	1240.0	-807.0
1508	2066	-130	I6	968.0	1868.1	-344.2	1240.0	-807.0
1517	2063	-94	I6	984.5	1904.4	-312.7	1240.0	-807.0
1531	2053	-164	I6	944.5	1913.7	-252.3	1240.0	-807.0
1540	2035	-121	I6	957.0	1993.2	-251.4	1240.0	-807.0
1554	2088	-146	I6	971.0	2005.7	-200.2	1240.0	-807.0
