	X	Y	Label	meanY	avgX	avgY	minX	minY
1	2192	-166	I7	1013.0				
33	2205	-138	I7	1033.5				
42	2095	-132	I7	981.5				
56	2146	-106	I7	1020.0				
65	2120	-99	I7	1010.5				
74	2083	-95	I7	994.0				
88	2117	-137	I7	990.0				
97	2006	-198	I7	904.0				
111	2181	-137	I7	1022.0				
120	2213	-161	I7	1026.0	2135.8	-136.9		
129	2116	-135	I7	990.5	2128.2	-133.8		
143	2104	-132	I7	986.0	2118.1	-133.2		
152	2113	-136	I7	988.5	2119.9	-133.6		
161	2108	-145	I7	981.5	2116.1	-137.5		
166	2109	-97	I7	1006.0	2115.0	-137.3		
175	2126	-149	I7	988.5	2119.3	-142.7		
184	2065	-128	I7	968.5	2114.1	-141.8		
207	2101	-148	I7	976.5	2123.6	-136.8		
216	2138	-268	I7	935.0	2119.3	-149.9		
221	2146	-363	I7	891.5	2112.6	-170.1	2006.0	-363.0
225	2089	-323	I7	883.0	2109.9	-188.9	2006.0	-363.0
226	1727	-193	I7	767.0	2072.2	-195.0	1727.0	-363.0
230	2147	-987	I7	580.0	2075.6	-280.1	1727.0	-987.0
231	1126	-268	I7	429.0	1977.4	-292.4	1126.0	-987.0
234	1907	-841	I7	533.0	1957.2	-366.8	1126.0	-987.0
235	1847	-1096	I7	375.5	1929.3	-461.5	1126.0	-1096.0
238	1283	-276	I7	503.5	1851.1	-476.3	1126.0	-1096.0
239	2161	-1656	I7	252.5	1857.1	-627.1	1126.0	-1656.0
240	1401	-1032	I7	184.5	1783.4	-703.5	1126.0	-1656.0
243	1969	-1062	I7	453.5	1765.7	-773.4	1126.0	-1656.0
244	2204	-1575	I7	314.5	1777.2	-898.6	1126.0	-1656.0
245	807	-389	I7	209.0	1685.2	-918.2	807.0	-1656.0
248	2151	-1138	I7	506.5	1685.6	-933.3	807.0	-1656.0
249	1625	-541	I7	542.0	1735.5	-960.6	807.0	-1656.0
253	2137	-727	I7	705.0	1758.5	-949.2	807.0	-1656.0
257	2030	-436	I7	797.0	1776.8	-883.2	807.0	-1656.0
258	1790	-552	I7	619.0	1827.5	-910.8	807.0	-1656.0
262	2152	-1405	I7	373.5	1826.6	-885.7	807.0	-1656.0
263	1194	-745	I7	224.5	1805.9	-857.0	807.0	-1656.0
266	1938	-1260	I7	339.0	1802.8	-876.8	807.0	-1656.0
267	2005	-1628	I7	188.5	1782.9	-882.1	807.0	-1656.0
268	607	-456	I7	75.5	1762.9	-888.8	607.0	-1656.0
270	1170	-602	I7	284.0	1664.8	-835.2	607.0	-1656.0
271	2141	-2067	I7	37.0	1716.4	-987.8	607.0	-2067.0
272	1473	-1506	I7	-16.5	1650.0	-1065.7	607.0	-2067.0
273	150	-97	I7	26.5	1462.0	-1031.8	150.0	-2067.0
275	1889	-1365	I7	262.0	1471.9	-1113.1	150.0	-2067.0
276	2168	-2021	I7	73.5	1473.5	-1174.7	150.0	-2067.0
277	820	-939	I7	-59.5	1436.1	-1194.1	150.0	-2067.0
279	897	-421	I7	238.0	1332.0	-1110.2	150.0	-2067.0
280	2110	-1848	I7	131.0	1342.5	-1132.2	150.0	-2067.0
281	1707	-1502	I7	102.5	1452.5	-1236.8	150.0	-2067.0
282	363	-96	I7	133.5	1371.8	-1186.2	150.0	-2067.0
284	1629	-1028	I7	300.5	1320.6	-1082.3	150.0	-2067.0
285	2181	-2034	I7	73.5	1391.4	-1135.1	150.0	-2067.0
286	1129	-1120	I7	4.5	1489.3	-1237.4	150.0	-2067.0
289	1949	-1536	I7	206.5	1495.3	-1254.5	150.0	-2067.0
290	1881	-1628	I7	126.5	1466.6	-1215.2	150.0	-2067.0
291	568	-388	I7	90.0	1441.4	-1160.1	150.0	-2067.0
293	1260	-702	I7	279.0	1477.7	-1188.2	150.0	-2067.0
294	2090	-1986	I7	52.0	1475.7	-1202.0	150.0	-2067.0
295	1353	-1328	I7	12.5	1440.3	-1184.6	150.0	-2067.0
298	1940	-1383	I7	278.5	1598.0	-1313.3	150.0	-2067.0
299	2159	-1933	I7	113.0	1651.0	-1403.8	150.0	-2034.0
300	808	-793	I7	7.5	1513.7	-1279.7	150.0	-2034.0
302	1039	-468	I7	285.5	1504.7	-1214.5	363.0	-2034.0
303	2181	-1907	I7	137.0	1527.9	-1251.6	363.0	-2034.0
304	1729	-1496	I7	116.5	1512.7	-1238.4	363.0	-2034.0
305	398	-104	I7	147.0	1495.7	-1210.0	363.0	-2034.0
307	1695	-1053	I7	321.0	1539.2	-1245.1	363.0	-2034.0
308	2148	-1964	I7	92.0	1545.0	-1242.9	363.0	-2034.0
309	1093	-1065	I7	14.0	1519.0	-1216.6	363.0	-2034.0
311	664	-151	I7	256.5	1391.4	-1093.4	398.0	-2034.0
312	1879	-1507	I7	186.0	1363.4	-1050.8	398.0	-2034.0
313	1789	-1544	I7	122.5	1461.5	-1125.9	398.0	-1986.0
314	543	-350	I7	96.5	1411.9	-1114.1	398.0	-1986.0
316	1293	-728	I7	282.5	1323.1	-996.2	398.0	-1986.0
317	2090	-1990	I7	50.0	1359.2	-1045.6	398.0	-1990.0
318	1363	-1352	I7	5.5	1455.7	-1170.4	398.0	-1990.0
321	1940	-1361	I7	289.5	1480.2	-1201.2	398.0	-1990.0
322	2137	-1934	I7	101.5	1479.1	-1198.2	398.0	-1990.0
323	824	-812	I7	6.0	1452.2	-1172.9	398.0	-1990.0
325	1020	-487	I7	266.5	1487.8	-1206.5	398.0	-1990.0
326	2173	-1927	I7	123.0	1517.2	-1248.5	398.0	-1990.0
327	1712	-1509	I7	101.5	1509.5	-1245.0	398.0	-1990.0
328	362	-98	I7	132.0	1491.4	-1219.8	362.0	-1990.0
330	1726	-1112	I7	307.0	1534.7	-1258.2	362.0	-1990.0
331	2208	-2037	I7	85.5	1546.5	-1262.9	362.0	-2037.0
332	1110	-1068	I7	21.0	1521.2	-1234.5	362.0	-2037.0
334	708	-112	I7	298.0	1398.0	-1109.6	362.0	-2037.0
335	1954	-1516	I7	219.0	1379.7	-1067.8	362.0	-2037.0
336	1828	-1511	I7	158.5	1480.1	-1137.7	362.0	-2037.0
337	539	-272	I7	133.5	1432.0	-1116.2	362.0	-2037.0
339	1326	-692	I7	317.0	1347.3	-992.7	362.0	-2037.0
340	2086	-1935	I7	75.5	1384.7	-1035.3	362.0	-2037.0
341	1306	-1251	I7	27.5	1479.1	-1150.6	362.0	-2037.0
344	1925	-1419	I7	253.0	1499.0	-1181.3	362.0	-2037.0
345	2095	-1900	I7	97.5	1487.7	-1167.6	362.0	-2037.0
346	744	-746	I7	-1.0	1451.1	-1135.4	362.0	-2037.0
348	1023	-514	I7	254.5	1482.6	-1175.6	362.0	-2037.0
349	2118	-1943	I7	87.5	1499.0	-1218.3	362.0	-2037.0
350	1629	-1466	I7	81.5	1479.1	-1213.8	362.0	-2037.0
353	1731	-1133	I7	299.0	1598.3	-1299.9	362.0	-2037.0
354	2161	-1955	I7	103.0	1681.8	-1426.2	362.0	-2037.0
355	998	-949	I7	24.5	1573.0	-1327.6	362.0	-2037.0
358	2084	-1306	I7	389.0	1650.8	-1333.1	539.0	-2037.0
359	1848	-1006	I7	421.0	1643.1	-1291.8	539.0	-2037.0
363	2169	-893	I7	638.0	1650.5	-1191.1	539.0	-1955.0
372	2161	-158	I7	1001.5	1792.2	-1132.3	539.0	-1955.0
386	2145	-99	I7	1023.0	1904.4	-1090.8	539.0	-1955.0
395	2063	-110	I7	976.5	1898.9	-907.5	539.0	-1955.0
409	2114	-131	I7	991.5	1947.4	-774.0	539.0	-1955.0
418	2188	-333	I7	927.5	1993.1	-694.0	744.0	-1955.0
422	1907	-112	I7	897.5	1967.7	-509.7	744.0	-1955.0
423	1881	-499	I7	691.0	2056.0	-464.7	744.0	-1955.0
427	2061	-1105	I7	478.0	2053.7	-444.6	744.0	-1955.0
428	1340	-613	I7	363.5	2002.9	-405.3	744.0	-1955.0
431	1890	-775	I7	557.5	1975.0	-393.5	744.0	-1955.0
432	2144	-1510	I7	317.0	1973.3	-528.7	998.0	-1955.0
433	765	-478	I7	143.5	1835.3	-566.6	765.0	-1955.0
435	979	-189	I7	395.0	1726.9	-574.5	765.0	-1955.0
436	2156	-1695	I7	230.5	1731.1	-730.9	765.0	-1955.0
437	1659	-1313	I7	173.0	1678.2	-828.9	765.0	-1955.0
440	1696	-908	I7	394.0	1657.1	-908.5	765.0	-1695.0
441	2158	-1854	I7	152.0	1684.8	-1044.0	765.0	-1854.0
442	1013	-926	I7	43.5	1580.0	-1026.1	765.0	-1854.0
445	1979	-1561	I7	209.0	1643.9	-1120.9	765.0	-1854.0
446	1795	-1624	I7	85.5	1634.4	-1205.8	765.0	-1854.0
447	484	-426	I7	29.0	1468.4	-1097.4	484.0	-1854.0
449	1351	-983	I7	184.0	1527.0	-1147.9	484.0	-1854.0
450	2095	-2287	I7	-96.0	1638.6	-1357.7	484.0	-2287.0
451	1263	-1590	I7	-163.5	1549.3	-1347.2	484.0	-2287.0
452	6	-194	I7	-94.0	1384.0	-1235.3	6.0	-2287.0
453	587	-340	I7	123.5	1273.1	-1178.5	6.0	-2287.0
454	1932	-1828	I7	52.0	1250.5	-1175.9	6.0	-2287.0
455	2035	-2211	I7	-88.0	1352.7	-1304.4	6.0	-2287.0
456	717	-1023	I7	-153.0	1226.5	-1250.6	6.0	-2287.0
458	1087	-901	I7	93.0	1155.7	-1178.3	6.0	-2287.0
459	2136	-2326	I7	-95.0	1320.9	-1368.3	6.0	-2326.0
460	1594	-1771	I7	-88.5	1345.2	-1447.1	6.0	-2326.0
461	258	-337	I7	-39.5	1161.5	-1252.1	6.0	-2326.0
463	1793	-1429	I7	182.0	1214.5	-1236.0	6.0	-2326.0
464	2188	-2229	I7	-20.5	1432.7	-1439.5	6.0	-2326.0
465	980	-1198	I7	-109.0	1472.0	-1525.3	6.0	-2326.0
467	791	-380	I7	205.5	1357.9	-1380.5	6.0	-2326.0
468	2058	-1840	I7	109.0	1360.2	-1343.4	6.0	-2326.0
469	1814	-1692	I7	61.0	1469.9	-1410.3	6.0	-2326.0
470	484	-360	I7	62.0	1409.6	-1356.2	6.0	-2326.0
472	1473	-1012	I7	230.5	1343.3	-1224.8	6.0	-2326.0
473	2126	-2209	I7	-41.5	1396.5	-1268.6	6.0	-2326.0
474	1224	-1445	I7	-110.5	1493.1	-1379.4	6.0	-2326.0
476	636	-330	I7	153.0	1377.4	-1269.5	6.0	-2326.0
477	1982	-1833	I7	74.5	1356.8	-1229.9	258.0	-2326.0
478	2038	-2148	I7	-55.0	1462.6	-1324.9	258.0	-2326.0
479	723	-933	I7	-105.0	1455.8	-1380.2	258.0	-2326.0
481	1246	-990	I7	128.0	1374.6	-1295.2	258.0	-2326.0
482	2231	-2406	I7	-87.5	1416.3	-1366.6	258.0	-2406.0
483	1613	-1792	I7	-89.5	1529.2	-1509.8	258.0	-2406.0
484	282	-339	I7	-28.5	1410.1	-1442.5	258.0	-2406.0
486	1909	-1520	I7	194.5	1388.4	-1373.6	258.0	-2406.0
487	2230	-2240	I7	-5.0	1489.0	-1453.1	282.0	-2406.0
488	931	-1135	I7	-102.0	1518.5	-1533.6	282.0	-2406.0
490	881	-513	I7	184.0	1408.4	-1401.6	282.0	-2406.0
491	2120	-1960	I7	80.0	1416.6	-1382.8	282.0	-2406.0
492	1803	-1706	I7	48.5	1524.6	-1460.1	282.0	-2406.0
493	454	-331	I7	61.5	1445.4	-1394.2	282.0	-2406.0
495	1621	-1172	I7	224.5	1384.4	-1270.8	282.0	-2406.0
496	2207	-2256	I7	-24.5	1443.8	-1317.2	282.0	-2406.0
497	1226	-1399	I7	-86.5	1538.2	-1423.2	282.0	-2406.0
499	720	-381	I7	169.5	1419.3	-1309.3	282.0	-2406.0
500	2052	-1885	I7	83.5	1401.5	-1273.8	282.0	-2406.0
501	1999	-2063	I7	-32.0	1508.3	-1366.6	282.0	-2406.0
502	663	-793	I7	-65.0	1486.5	-1394.6	282.0	-2406.0
504	1280	-1020	I7	130.0	1402.5	-1300.6	282.0	-2406.0
505	2180	-2369	I7	-94.5	1440.2	-1366.9	282.0	-2406.0
506	1481	-1737	I7	-128.0	1542.9	-1507.5	282.0	-2406.0
507	199	-312	I7	-56.5	1400.7	-1421.5	199.0	-2369.0
509	1898	-1532	I7	183.0	1369.8	-1349.1	199.0	-2369.0
510	2131	-2137	I7	-3.0	1460.3	-1422.9	199.0	-2369.0
511	859	-1056	I7	-98.5	1474.2	-1490.4	199.0	-2369.0
513	924	-580	I7	172.0	1361.4	-1359.9	199.0	-2369.0
514	2101	-2000	I7	50.5	1371.6	-1353.6	199.0	-2369.0
515	1746	-1676	I7	35.0	1479.9	-1441.9	199.0	-2369.0
516	448	-300	I7	74.0	1396.7	-1369.9	199.0	-2369.0
518	1649	-1232	I7	208.5	1343.6	-1256.2	199.0	-2369.0
519	2199	-2266	I7	-33.5	1415.4	-1309.1	199.0	-2369.0
520	1185	-1387	I7	-101.0	1514.0	-1416.6	199.0	-2369.0
522	733	-417	I7	158.0	1397.5	-1305.1	199.0	-2369.0
523	2050	-1922	I7	64.0	1389.4	-1283.6	199.0	-2369.0
524	1979	-2025	I7	-23.0	1501.4	-1380.5	199.0	-2369.0
525	627	-753	I7	-63.0	1471.7	-1397.8	199.0	-2369.0
527	1295	-1048	I7	123.5	1391.1	-1302.6	199.0	-2369.0
528	2161	-2367	I7	-103.0	1432.6	-1371.7	199.0	-2369.0
529	1448	-1722	I7	-137.0	1532.6	-1513.9	199.0	-2369.0
530	176	-303	I7	-63.5	1385.3	-1421.0	176.0	-2367.0
531	582	-136	I7	223.0	1223.6	-1208.0	176.0	-2367.0
532	1860	-1550	I7	155.0	1291.1	-1224.3	176.0	-2367.0
533	2075	-2102	I7	-13.5	1425.3	-1392.8	176.0	-2367.0
534	830	-1048	I7	-109.0	1303.3	-1305.4	176.0	-2367.0
536	935	-600	I7	167.5	1198.9	-1162.9	176.0	-2367.0
537	2093	-1976	I7	58.5	1345.5	-1285.2	176.0	-2367.0
538	1707	-1628	I7	39.5	1386.7	-1343.2	176.0	-2367.0
539	422	-273	I7	74.5	1212.8	-1133.8	176.0	-2367.0
541	1624	-1220	I7	202.0	1230.4	-1083.6	176.0	-2367.0
542	2158	-2263	I7	-52.5	1428.6	-1279.6	176.0	-2367.0
543	1147	-1391	I7	-122.0	1485.1	-1405.1	176.0	-2367.0
545	632	-364	I7	134.0	1362.3	-1286.5	176.0	-2367.0
546	1925	-1762	I7	81.5	1347.3	-1252.5	176.0	-2367.0
547	1856	-1738	I7	59.0	1449.9	-1321.5	176.0	-2367.0
548	570	-403	I7	83.5	1413.4	-1301.8	176.0	-2367.0
550	1262	-492	I7	385.0	1330.3	-1153.4	176.0	-2367.0
551	2109	-1452	I7	328.5	1370.5	-1135.8	176.0	-2367.0
552	1394	-540	I7	427.0	1467.7	-1162.5	176.0	-2263.0
556	2094	-390	I7	852.0	1514.7	-1079.5	176.0	-2263.0
565	2166	-130	I7	1018.0	1515.5	-866.2	422.0	-2263.0
574	2071	-112	I7	979.5	1607.9	-738.3	422.0	-2263.0
583	2107	-102	I7	1002.5	1755.4	-712.1	422.0	-2263.0
588	2161	-97	I7	1032.0	1779.0	-545.6	422.0	-2263.0
597	2201	-403	I7	899.0	1813.5	-412.1	422.0	-2263.0
601	1928	-289	I7	819.5	1949.3	-400.7	422.0	-2263.0
602	1808	-634	I7	587.0	2003.9	-414.9	422.0	-2263.0
606	2064	-1375	I7	344.5	1999.4	-407.2	422.0	-2263.0
607	1244	-808	I7	218.0	1984.4	-434.0	570.0	-2263.0
610	1918	-1047	I7	435.5	1966.8	-499.7	570.0	-2263.0
611	2121	-1559	I7	281.0	1962.3	-642.6	570.0	-1762.0
612	738	-398	I7	170.0	1829.0	-671.2	570.0	-1762.0
614	1023	-229	I7	397.0	1720.6	-683.9	570.0	-1762.0
615	2137	-1725	I7	206.0	1718.2	-846.7	570.0	-1738.0
616	1587	-1275	I7	156.0	1656.8	-933.9	570.0	-1725.0
619	1743	-1032	I7	355.5	1638.3	-1008.2	738.0	-1725.0
620	2144	-1859	I7	142.5	1671.9	-1130.7	738.0	-1859.0
621	961	-900	I7	30.5	1561.6	-1083.2	738.0	-1859.0
623	762	-113	I7	324.5	1513.4	-1013.7	738.0	-1859.0
624	2074	-1580	I7	247.0	1529.0	-1067.0	738.0	-1859.0
625	1829	-1452	I7	188.5	1499.8	-1056.3	738.0	-1859.0
626	512	-136	I7	188.0	1477.2	-1030.1	512.0	-1859.0
628	1480	-748	I7	366.0	1522.9	-1082.0	512.0	-1859.0
629	2172	-1949	I7	111.5	1526.4	-1104.4	512.0	-1949.0
630	1259	-1182	I7	38.5	1493.6	-1095.1	512.0	-1949.0
633	1992	-1505	I7	243.5	1518.5	-1142.4	512.0	-1949.0
634	2046	-1796	I7	125.0	1508.7	-1136.1	512.0	-1949.0
635	687	-578	I7	54.5	1481.3	-1103.9	512.0	-1949.0
637	1196	-648	I7	274.0	1524.7	-1157.4	512.0	-1949.0
638	2175	-2063	I7	56.0	1534.8	-1205.7	512.0	-2063.0
639	1527	-1460	I7	33.5	1504.6	-1206.5	512.0	-2063.0
642	1839	-1228	I7	305.5	1637.3	-1315.7	512.0	-2063.0
643	2165	-1939	I7	113.0	1705.8	-1434.8	512.0	-2063.0
644	869	-867	I7	1.0	1575.5	-1326.6	512.0	-2063.0
646	875	-270	I7	302.5	1537.1	-1235.4	512.0	-2063.0
647	2120	-1698	I7	211.0	1549.9	-1254.7	512.0	-2063.0
648	1776	-1424	I7	176.0	1522.9	-1217.5	512.0	-2063.0
651	1632	-934	I7	349.0	1617.4	-1253.1	512.0	-2063.0
652	2203	-2004	I7	99.5	1718.1	-1388.7	512.0	-2063.0
653	1187	-1121	I7	33.0	1619.3	-1294.5	512.0	-2063.0
656	1993	-1562	I7	215.5	1665.9	-1304.7	512.0	-2063.0
657	1915	-1707	I7	104.0	1673.5	-1352.6	687.0	-2063.0
658	570	-441	I7	64.5	1514.0	-1202.8	570.0	-2063.0
660	1269	-690	I7	289.5	1554.0	-1185.1	570.0	-2063.0
661	2131	-2027	I7	52.0	1679.6	-1360.8	570.0	-2063.0
662	1422	-1380	I7	21.0	1609.8	-1329.0	570.0	-2063.0
665	1917	-1301	I7	308.0	1623.9	-1316.7	570.0	-2063.0
666	2140	-1898	I7	121.0	1674.7	-1413.1	570.0	-2063.0
667	845	-813	I7	16.0	1538.9	-1294.0	570.0	-2063.0
669	1002	-455	I7	273.5	1520.4	-1227.4	570.0	-2027.0
670	2158	-1877	I7	140.5	1536.9	-1258.9	570.0	-2027.0
671	1741	-1484	I7	128.5	1519.5	-1236.6	570.0	-2027.0
672	395	-96	I7	149.5	1502.0	-1202.1	395.0	-2027.0
674	1715	-1091	I7	312.0	1546.6	-1242.2	395.0	-2027.0
675	2233	-2069	I7	82.0	1556.8	-1246.4	395.0	-2069.0
676	1148	-1116	I7	16.0	1529.4	-1220.0	395.0	-2069.0
678	705	-137	I7	284.0	1408.2	-1103.6	395.0	-2069.0
679	1977	-1553	I7	212.0	1391.9	-1069.1	395.0	-2069.0
680	1860	-1606	I7	127.0	1493.4	-1148.4	395.0	-2069.0
681	538	-352	I7	93.0	1447.0	-1138.1	395.0	-2069.0
683	1268	-726	I7	271.0	1358.0	-1023.0	395.0	-2069.0
684	2058	-1984	I7	37.0	1389.7	-1073.0	395.0	-2069.0
685	1297	-1299	I7	-1.0	1479.9	-1193.3	395.0	-2069.0
688	1928	-1413	I7	257.5	1501.2	-1225.5	395.0	-2069.0
689	2112	-1915	I7	98.5	1489.1	-1210.1	395.0	-2069.0
690	767	-739	I7	14.0	1451.0	-1172.4	395.0	-2069.0
692	1026	-481	I7	272.5	1483.1	-1206.8	395.0	-2069.0
693	2149	-1906	I7	121.5	1500.3	-1242.1	395.0	-2069.0
694	1668	-1458	I7	105.0	1481.1	-1227.3	395.0	-2069.0
697	1731	-1043	I7	344.0	1600.4	-1296.4	395.0	-2069.0
698	2162	-1793	I7	184.5	1689.8	-1403.1	395.0	-2069.0
699	1048	-712	I7	168.0	1588.8	-1275.9	395.0	-2069.0
702	2004	-831	I7	586.5	1659.5	-1229.1	538.0	-2069.0
703	1802	-510	I7	646.0	1646.9	-1138.8	538.0	-2069.0
707	2114	-394	I7	860.0	1647.1	-986.7	538.0	-1984.0
716	2105	-97	I7	1004.0	1780.9	-922.5	538.0	-1984.0
721	2160	-102	I7	1029.0	1894.3	-884.6	538.0	-1984.0
730	2143	-122	I7	1010.5	1893.7	-706.2	538.0	-1984.0
753	2149	-111	I7	1019.0	1941.8	-571.5	538.0	-1984.0
762	2193	-424	I7	884.5	1988.0	-509.6	767.0	-1984.0
766	1917	-270	I7	823.5	1963.5	-357.3	767.0	-1984.0
767	1939	-746	I7	596.5	2052.6	-360.7	767.0	-1915.0
771	2093	-1455	I7	319.0	2061.5	-423.1	767.0	-1915.0
772	1378	-985	I7	196.5	2019.1	-470.6	767.0	-1915.0
775	1855	-1076	I7	389.5	1993.2	-538.8	767.0	-1906.0
776	2145	-1759	I7	193.0	1997.2	-705.0	1026.0	-1906.0
777	794	-674	I7	60.0	1860.6	-762.2	794.0	-1906.0
779	946	-281	I7	332.5	1740.9	-778.1	794.0	-1793.0
780	2148	-1792	I7	178.0	1740.8	-946.2	794.0	-1793.0
781	1715	-1461	I7	127.0	1693.0	-1049.9	794.0	-1793.0
784	1729	-1077	I7	326.0	1674.2	-1130.6	794.0	-1792.0
785	2221	-2039	I7	91.0	1702.4	-1259.9	794.0	-2039.0
786	1149	-1120	I7	14.5	1608.0	-1226.4	794.0	-2039.0
788	725	-180	I7	272.5	1542.7	-1145.9	725.0	-2039.0
789	2011	-1614	I7	198.5	1558.3	-1199.7	725.0	-2039.0
790	1894	-1653	I7	120.5	1533.2	-1189.1	725.0	-2039.0
791	590	-390	I7	100.0	1512.8	-1160.7	590.0	-2039.0
793	1339	-778	I7	280.5	1552.1	-1210.4	590.0	-2039.0
794	2120	-2044	I7	38.0	1549.3	-1235.6	590.0	-2044.0
795	1357	-1372	I7	-7.5	1513.5	-1226.7	590.0	-2044.0
798	2013	-1528	I7	242.5	1541.9	-1271.8	590.0	-2044.0
799	2182	-2017	I7	82.5	1538.0	-1269.6	590.0	-2044.0
800	802	-790	I7	6.0	1503.3	-1236.6	590.0	-2044.0
802	1103	-615	I7	244.0	1541.1	-1280.1	590.0	-2044.0
803	2223	-2098	I7	62.5	1562.3	-1328.5	590.0	-2098.0
804	1698	-1617	I7	40.5	1542.7	-1324.9	590.0	-2098.0
805	309	-148	I7	80.5	1514.6	-1300.7	309.0	-2098.0
807	1769	-1211	I7	279.0	1557.6	-1344.0	309.0	-2098.0
808	2163	-2037	I7	63.0	1561.9	-1343.3	309.0	-2098.0
809	1012	-1049	I7	-18.5	1527.4	-1311.0	309.0	-2098.0
811	750	-239	I7	255.5	1401.1	-1182.1	309.0	-2098.0
812	1980	-1622	I7	179.0	1380.9	-1142.6	309.0	-2098.0
813	1784	-1502	I7	141.0	1479.1	-1213.8	309.0	-2098.0
814	476	-205	I7	135.5	1416.4	-1172.8	309.0	-2098.0
816	1394	-790	I7	302.0	1333.5	-1042.0	309.0	-2098.0
817	2093	-2022	I7	35.5	1373.0	-1082.5	309.0	-2098.0
818	1245	-1285	I7	-20.0	1466.6	-1196.2	309.0	-2098.0
821	1969	-1582	I7	193.5	1486.6	-1233.3	309.0	-2098.0
822	2084	-1964	I7	60.0	1478.7	-1226.0	309.0	-2098.0
823	743	-755	I7	-6.0	1451.8	-1196.6	309.0	-2098.0
825	1180	-720	I7	230.0	1494.8	-1244.7	309.0	-2098.0
826	2206	-2165	I7	20.5	1517.4	-1299.0	309.0	-2165.0
827	1596	-1575	I7	10.5	1498.6	-1306.3	309.0	-2165.0
828	245	-119	I7	63.0	1475.5	-1297.7	245.0	-2165.0
830	1807	-1230	I7	288.5	1516.8	-1341.7	245.0	-2165.0
831	2169	-1982	I7	93.5	1524.4	-1337.7	245.0	-2165.0
832	951	-950	I7	0.5	1495.0	-1304.2	245.0	-2165.0
834	825	-252	I7	286.5	1380.6	-1171.2	245.0	-2165.0
835	2087	-1674	I7	206.5	1380.9	-1142.2	245.0	-2165.0
836	1815	-1471	I7	172.0	1488.1	-1213.8	245.0	-2165.0
837	506	-139	I7	183.5	1420.7	-1155.7	245.0	-2165.0
839	1568	-873	I7	347.5	1356.9	-1026.5	245.0	-2165.0
840	2198	-2031	I7	83.5	1417.1	-1072.1	245.0	-2165.0
841	1281	-1242	I7	19.5	1520.7	-1184.4	245.0	-2165.0
843	660	-126	I7	267.0	1406.0	-1074.0	245.0	-2165.0
844	1980	-1558	I7	211.0	1387.1	-1031.6	245.0	-2165.0
845	2013	-1826	I7	93.5	1493.3	-1119.2	245.0	-2165.0
846	692	-623	I7	34.5	1480.0	-1156.3	245.0	-2165.0
848	1175	-699	I7	238.0	1388.8	-1058.8	245.0	-2165.0
849	2122	-2048	I7	37.0	1419.5	-1116.5	245.0	-2165.0
850	1536	-1482	I7	27.0	1522.5	-1250.8	245.0	-2165.0
851	258	-106	I7	76.0	1391.5	-1174.1	245.0	-2048.0
853	1800	-1232	I7	284.0	1351.7	-1094.2	245.0	-2048.0
854	2116	-1947	I7	84.5	1435.2	-1164.7	258.0	-2048.0
855	908	-958	I7	-25.0	1460.0	-1247.9	258.0	-2048.0
857	822	-252	I7	285.0	1344.2	-1117.3	258.0	-2048.0
858	2040	-1561	I7	239.5	1346.9	-1090.8	258.0	-2048.0
859	1769	-1265	I7	252.0	1454.6	-1155.0	258.0	-2048.0
862	1526	-385	I7	570.5	1489.7	-1123.6	258.0	-2048.0
863	2165	-1245	I7	460.0	1494.0	-1043.3	258.0	-2048.0
864	1261	-239	I7	511.0	1466.5	-919.0	258.0	-2048.0
867	1944	-117	I7	913.5	1635.1	-920.1	258.0	-2048.0
868	1997	-186	I7	905.5	1654.8	-815.5	258.0	-2048.0
872	2134	-105	I7	1014.5	1656.6	-631.3	258.0	-2048.0
877	2139	-108	I7	1015.5	1779.7	-546.3	258.0	-2048.0
886	2163	-155	I7	1004.0	1913.8	-536.6	258.0	-2048.0
895	2097	-147	I7	975.0	1919.5	-395.2	258.0	-2048.0
909	2126	-183	I7	971.5	1955.2	-287.0	258.0	-2048.0
914	1744	-125	I7	809.5	1977.0	-261.0	258.0	-2048.0
918	2049	-977	I7	536.0	1965.4	-234.2	258.0	-1947.0
919	1148	-393	I7	377.5	1954.1	-249.6	258.0	-1947.0
922	1845	-831	I7	507.0	1944.2	-321.0	822.0	-1947.0
923	1965	-1306	I7	329.5	1941.0	-433.0	822.0	-1947.0
924	603	-187	I7	208.0	1787.9	-441.2	603.0	-1561.0
926	1114	-287	I7	413.5	1685.4	-459.1	603.0	-1561.0
927	2124	-1780	I7	172.0	1681.5	-621.6	603.0	-1780.0
928	1508	-1289	I7	109.5	1622.6	-735.8	603.0	-1780.0
931	1852	-1190	I7	331.0	1595.2	-836.5	603.0	-1780.0
932	2183	-1990	I7	96.5	1639.1	-1023.0	603.0	-1990.0
933	919	-988	I7	-34.5	1526.1	-1024.1	603.0	-1990.0
935	900	-385	I7	257.5	1501.3	-1023.3	603.0	-1990.0
936	2157	-1806	I7	175.5	1532.5	-1120.8	603.0	-1990.0
937	1838	-1540	I7	149.0	1519.8	-1144.2	603.0	-1990.0
938	528	-168	I7	180.0	1512.3	-1142.3	528.0	-1990.0
940	1598	-953	I7	322.5	1560.7	-1208.9	528.0	-1990.0
941	2209	-2051	I7	79.0	1569.2	-1236.0	528.0	-2051.0
942	1227	-1230	I7	-1.5	1541.1	-1230.1	528.0	-2051.0
944	680	-179	I7	250.5	1423.9	-1129.0	528.0	-2051.0
945	1970	-1632	I7	169.0	1402.6	-1093.2	528.0	-2051.0
946	1963	-1847	I7	58.0	1507.0	-1179.1	528.0	-2051.0
947	649	-636	I7	6.5	1481.9	-1204.2	528.0	-2051.0
949	1228	-775	I7	226.5	1389.0	-1101.1	528.0	-2051.0
950	2140	-2113	I7	13.5	1419.2	-1158.4	528.0	-2113.0
951	1506	-1515	I7	-4.5	1517.0	-1293.1	528.0	-2113.0
952	242	-134	I7	54.0	1381.4	-1211.2	242.0	-2113.0
954	1830	-1310	I7	260.0	1343.5	-1137.1	242.0	-2113.0
955	2121	-1983	I7	69.0	1432.9	-1212.4	242.0	-2113.0
956	855	-948	I7	-46.5	1450.4	-1289.3	242.0	-2113.0
958	868	-390	I7	239.0	1340.2	-1165.1	242.0	-2113.0
959	2099	-1826	I7	136.5	1353.8	-1163.0	242.0	-2113.0
960	1750	-1567	I7	91.5	1463.9	-1256.1	242.0	-2113.0
961	426	-193	I7	116.5	1383.7	-1197.9	242.0	-2113.0
963	1603	-1030	I7	286.5	1330.0	-1089.6	242.0	-2113.0
964	2199	-2137	I7	31.0	1399.3	-1151.8	242.0	-2137.0
965	1204	-1284	I7	-40.0	1495.5	-1266.8	242.0	-2137.0
967	632	-201	I7	215.5	1375.7	-1155.9	242.0	-2137.0
968	1919	-1632	I7	143.5	1355.5	-1120.8	242.0	-2137.0
969	1919	-1832	I7	43.5	1461.9	-1209.2	242.0	-2137.0
970	659	-629	I7	15.0	1441.0	-1233.1	242.0	-2137.0
972	1232	-797	I7	217.5	1354.3	-1130.2	242.0	-2137.0
973	2108	-2122	I7	-7.0	1390.1	-1185.7	242.0	-2137.0
974	1466	-1507	I7	-20.5	1494.1	-1317.1	242.0	-2137.0
975	219	-128	I7	45.5	1355.7	-1226.9	219.0	-2137.0
977	1866	-1343	I7	261.5	1322.4	-1147.5	219.0	-2137.0
978	2144	-2014	I7	65.0	1416.4	-1220.5	219.0	-2137.0
979	853	-959	I7	-53.0	1438.5	-1296.3	219.0	-2137.0
981	848	-390	I7	229.0	1331.4	-1172.1	219.0	-2137.0
982	2092	-1833	I7	129.5	1348.7	-1172.2	219.0	-2137.0
983	1764	-1551	I7	106.5	1459.2	-1264.4	219.0	-2137.0
984	437	-204	I7	116.5	1379.7	-1205.1	219.0	-2137.0
986	1586	-1061	I7	262.5	1327.5	-1099.0	219.0	-2137.0
987	2188	-2156	I7	16.0	1399.7	-1163.9	219.0	-2156.0
988	1201	-1306	I7	-52.5	1497.9	-1281.7	219.0	-2156.0
990	701	-256	I7	222.5	1381.4	-1173.0	219.0	-2156.0
991	1998	-1725	I7	136.5	1366.8	-1144.1	219.0	-2156.0
992	1964	-1897	I7	33.5	1477.9	-1237.9	219.0	-2156.0
993	637	-659	I7	-11.0	1456.8	-1264.8	219.0	-2156.0
995	1285	-872	I7	206.5	1376.1	-1168.7	219.0	-2156.0
996	2171	-2215	I7	-22.0	1416.8	-1235.1	219.0	-2215.0
997	1480	-1556	I7	-38.0	1521.1	-1370.3	219.0	-2215.0
998	185	-143	I7	21.0	1381.0	-1278.5	185.0	-2215.0
1000	1879	-1388	I7	245.5	1350.1	-1201.7	185.0	-2215.0
1001	2144	-2011	I7	66.5	1444.4	-1272.2	185.0	-2215.0
1002	860	-933	I7	-36.5	1460.3	-1339.9	185.0	-2215.0
1004	930	-457	I7	236.5	1353.5	-1213.1	185.0	-2215.0
1005	2121	-1875	I7	123.0	1369.2	-1210.9	185.0	-2215.0
1006	1765	-1548	I7	108.5	1482.0	-1299.8	185.0	-2215.0
1007	464	-218	I7	123.0	1399.9	-1234.4	185.0	-2215.0
1009	1661	-1109	I7	276.0	1348.9	-1123.8	185.0	-2215.0
1010	2203	-2137	I7	33.0	1421.2	-1181.9	185.0	-2215.0
1011	1225	-1296	I7	-35.5	1525.2	-1297.2	185.0	-2215.0
1013	736	-290	I7	223.0	1410.9	-1187.4	185.0	-2215.0
1014	1991	-1705	I7	143.0	1395.6	-1156.8	185.0	-2215.0
1015	1977	-1854	I7	61.5	1507.3	-1248.9	185.0	-2215.0
1016	669	-643	I7	13.0	1481.2	-1267.5	185.0	-2215.0
1018	1280	-844	I7	218.0	1397.1	-1164.4	185.0	-2215.0
1019	2162	-2121	I7	20.5	1436.8	-1221.7	185.0	-2215.0
1020	1525	-1506	I7	9.5	1542.9	-1350.5	185.0	-2215.0
1021	246	-113	I7	66.5	1401.4	-1250.9	185.0	-2137.0
1023	1863	-1165	I7	349.0	1367.4	-1153.7	185.0	-2137.0
1024	2127	-1568	I7	279.5	1457.6	-1180.9	246.0	-2137.0
1025	875	-356	I7	259.5	1471.5	-1187.5	246.0	-2137.0
1028	2158	-765	I7	696.5	1488.2	-1093.5	246.0	-2137.0
1029	1796	-213	I7	791.5	1470.1	-929.4	246.0	-2137.0
1033	2212	-248	I7	982.0	1624.4	-889.9	246.0	-2137.0
1042	2064	-136	I7	964.0	1702.8	-819.1	246.0	-2137.0
1065	2098	-103	I7	997.5	1696.4	-617.3	246.0	-2137.0
1074	2136	-197	I7	969.5	1757.5	-486.4	246.0	-2137.0
1079	2140	-424	I7	858.0	1946.9	-517.5	246.0	-2137.0
1083	2024	-459	I7	782.5	1963.0	-446.9	246.0	-2121.0
1084	1703	-370	I7	666.5	1920.6	-327.1	246.0	-2121.0
1088	2147	-1176	I7	485.5	2047.8	-409.1	246.0	-2121.0
1089	1135	-422	I7	356.5	1945.5	-374.8	246.0	-2121.0
1092	1992	-956	I7	518.0	1965.1	-449.1	246.0	-2121.0
1093	1920	-1153	I7	383.5	1935.9	-539.6	246.0	-2121.0
1096	1261	-276	I7	492.5	1855.6	-553.6	246.0	-2121.0
1097	2156	-1718	I7	219.0	1861.4	-715.1	246.0	-1718.0
1098	1374	-1094	I7	140.0	1785.2	-804.8	246.0	-1718.0
1101	1916	-1180	I7	368.0	1762.8	-880.4	875.0	-1718.0
1102	2135	-1755	I7	190.0	1773.9	-1010.0	875.0	-1755.0
1103	785	-649	I7	68.0	1682.1	-1037.9	785.0	-1755.0
1105	1018	-349	I7	334.5	1569.2	-955.2	785.0	-1755.0
1106	2116	-1743	I7	186.5	1667.3	-1087.3	785.0	-1755.0
1107	1647	-1301	I7	173.0	1632.8	-1121.8	785.0	-1755.0
1110	1727	-959	I7	384.0	1613.5	-1102.4	785.0	-1755.0
1111	2181	-1826	I7	177.5	1705.5	-1257.4	785.0	-1826.0
1112	1054	-881	I7	86.5	1595.3	-1173.7	785.0	-1826.0
1115	2013	-1454	I7	279.5	1659.2	-1209.7	785.0	-1826.0
1116	1818	-1409	I7	204.5	1649.4	-1232.6	785.0	-1826.0
1117	454	-93	I7	180.5	1481.3	-1066.4	454.0	-1826.0
1119	1392	-597	I7	397.5	1542.0	-1061.2	454.0	-1826.0
1120	2137	-1875	I7	131.0	1653.9	-1213.8	454.0	-1875.0
1121	1271	-1139	I7	66.0	1569.4	-1153.4	454.0	-1875.0
1124	1980	-1378	I7	301.0	1602.7	-1161.1	454.0	-1875.0
1125	2090	-1750	I7	170.0	1639.0	-1240.2	454.0	-1875.0
1126	744	-570	I7	87.0	1495.3	-1114.6	454.0	-1875.0
1128	1119	-498	I7	310.5	1501.8	-1076.3	454.0	-1875.0
1129	2136	-1889	I7	123.5	1514.1	-1119.8	454.0	-1889.0
1130	1561	-1323	I7	119.0	1488.4	-1111.2	454.0	-1889.0
1133	1799	-1045	I7	377.0	1622.9	-1206.4	454.0	-1889.0
1134	2153	-1821	I7	166.0	1699.0	-1328.8	454.0	-1889.0
1135	928	-807	I7	60.5	1578.1	-1222.0	454.0	-1889.0
1138	2098	-1530	I7	284.0	1660.8	-1261.1	454.0	-1889.0
1139	1825	-1371	I7	227.0	1645.3	-1260.4	454.0	-1889.0
1142	1537	-726	I7	405.5	1590.0	-1158.0	454.0	-1889.0
1143	2180	-1887	I7	146.5	1733.6	-1289.7	454.0	-1889.0
1144	1229	-1069	I7	80.0	1744.6	-1346.8	454.0	-1889.0
1147	1935	-1419	I7	258.0	1724.5	-1299.8	454.0	-1889.0
1148	1975	-1666	I7	154.5	1765.9	-1334.1	454.0	-1889.0
1149	620	-437	I7	91.5	1648.0	-1273.3	620.0	-1889.0
1151	1175	-548	I7	313.5	1550.2	-1146.0	620.0	-1889.0
1152	2118	-1924	I7	97.0	1669.2	-1257.7	620.0	-1924.0
1153	1450	-1298	I7	76.0	1604.4	-1234.5	620.0	-1924.0
1156	1854	-1097	I7	378.5	1607.3	-1207.1	620.0	-1924.0
1157	2135	-1769	I7	183.0	1667.1	-1311.4	620.0	-1924.0
1158	828	-711	I7	58.5	1531.9	-1193.8	620.0	-1924.0
1160	857	-151	I7	353.0	1494.7	-1102.0	620.0	-1924.0
1161	2086	-1572	I7	257.0	1509.8	-1117.3	620.0	-1924.0
1162	1744	-1280	I7	232.0	1486.7	-1078.7	620.0	-1924.0
1165	1634	-820	I7	407.0	1588.1	-1117.0	620.0	-1924.0
1166	2220	-1872	I7	174.0	1692.6	-1249.4	620.0	-1924.0
1167	1182	-981	I7	100.5	1599.0	-1155.1	620.0	-1924.0
1170	2001	-1434	I7	283.5	1654.1	-1168.7	620.0	-1924.0
1171	1925	-1560	I7	182.5	1661.2	-1215.0	620.0	-1924.0
1172	556	-298	I7	129.0	1503.3	-1067.9	556.0	-1924.0
1174	1264	-592	I7	336.0	1546.9	-1056.0	556.0	-1924.0
1175	2110	-1924	I7	93.0	1672.2	-1233.3	556.0	-1924.0
1176	1361	-1254	I7	53.5	1599.7	-1201.5	556.0	-1924.0
1179	1888	-1247	I7	320.5	1614.1	-1198.2	556.0	-1924.0
1180	2101	-1783	I7	159.0	1660.8	-1294.5	556.0	-1924.0
1181	772	-662	I7	55.0	1516.0	-1173.5	556.0	-1924.0
1183	1001	-328	I7	336.5	1497.9	-1108.2	556.0	-1924.0
1184	2126	-1678	I7	224.0	1510.4	-1132.6	556.0	-1924.0
1185	1674	-1171	I7	251.5	1485.3	-1093.7	556.0	-1924.0
1188	1671	-524	I7	573.5	1596.8	-1116.3	556.0	-1924.0
1189	2161	-1198	I7	481.5	1686.5	-1176.9	556.0	-1924.0
1190	1101	-94	I7	503.5	1585.6	-993.9	556.0	-1924.0
1193	1893	-101	I7	896.0	1638.8	-878.6	556.0	-1924.0
1198	2074	-99	I7	987.5	1657.4	-763.8	556.0	-1924.0
1244	2205	-133	I7	1036.0	1667.8	-598.8	556.0	-1924.0
1253	2115	-137	I7	989.0	1802.1	-546.3	556.0	-1924.0
1267	2132	-140	I7	996.0	1915.2	-527.5	556.0	-1924.0
1276	2064	-331	I7	866.5	1909.0	-392.8	556.0	-1924.0
1281	1956	-531	I7	712.5	1937.2	-328.8	556.0	-1924.0
1285	2095	-1065	I7	515.0	1979.6	-382.9	772.0	-1924.0
1286	1473	-618	I7	427.5	1910.8	-324.9	772.0	-1924.0
1289	1762	-568	I7	597.0	1976.9	-372.3	772.0	-1783.0
1290	2150	-1438	I7	356.0	2002.6	-506.0	772.0	-1783.0
1291	869	-491	I7	189.0	1882.1	-545.2	772.0	-1783.0
1294	2082	-1343	I7	369.5	1869.8	-666.2	772.0	-1678.0
1295	1752	-1155	I7	298.5	1833.5	-768.0	869.0	-1678.0
1298	1580	-670	I7	455.0	1778.3	-821.0	869.0	-1678.0
1299	2190	-1821	I7	184.5	1790.9	-970.0	869.0	-1821.0
1300	1197	-1054	I7	71.5	1715.0	-1022.3	869.0	-1821.0
1303	1987	-1509	I7	239.0	1704.2	-1066.7	869.0	-1821.0
1304	1973	-1725	I7	124.0	1754.2	-1177.4	869.0	-1821.0
1305	650	-513	I7	68.5	1643.0	-1171.9	650.0	-1821.0
1307	1230	-667	I7	281.5	1551.0	-1094.8	650.0	-1821.0
1308	2126	-2002	I7	62.0	1676.7	-1245.9	650.0	-2002.0
1309	1450	-1380	I7	35.0	1613.5	-1249.6	650.0	-2002.0
1312	1866	-1224	I7	321.0	1624.9	-1256.5	650.0	-2002.0
1313	2135	-1858	I7	138.5	1680.4	-1375.3	650.0	-2002.0
1314	833	-788	I7	22.5	1544.7	-1272.0	650.0	-2002.0
1316	916	-302	I7	307.0	1516.6	-1196.8	650.0	-2002.0
1317	2144	-1741	I7	201.5	1532.3	-1220.0	650.0	-2002.0
1318	1759	-1445	I7	157.0	1510.9	-1192.0	650.0	-2002.0
1321	1670	-986	I7	342.0	1612.9	-1239.3	650.0	-2002.0
1322	2222	-2012	I7	105.0	1712.1	-1373.8	650.0	-2012.0
1323	1198	-1119	I7	39.5	1619.3	-1285.5	650.0	-2012.0
1325	703	-92	I7	305.5	1544.6	-1156.7	650.0	-2012.0
1326	1985	-1544	I7	220.5	1556.5	-1188.7	650.0	-2012.0
1327	1910	-1646	I7	132.0	1534.0	-1167.5	650.0	-2012.0
1328	592	-389	I7	101.5	1509.9	-1127.6	592.0	-2012.0
1330	1255	-678	I7	288.5	1543.8	-1165.2	592.0	-2012.0
1331	2097	-1986	I7	55.5	1539.1	-1189.7	592.0	-2012.0
1332	1368	-1336	I7	16.0	1500.0	-1178.8	592.0	-2012.0
1335	1882	-1324	I7	279.0	1521.2	-1212.6	592.0	-2012.0
1336	2100	-1889	I7	105.5	1509.0	-1200.3	592.0	-2012.0
1337	790	-788	I7	1.0	1468.2	-1167.2	592.0	-2012.0
1339	943	-385	I7	279.0	1492.2	-1196.5	592.0	-2012.0
1340	2105	-1784	I7	160.5	1504.2	-1220.5	592.0	-2012.0
1341	1702	-1414	I7	144.0	1483.4	-1197.3	592.0	-2012.0
1344	1666	-994	I7	336.0	1590.8	-1257.8	592.0	-2012.0
1345	2173	-1956	I7	108.5	1682.6	-1385.6	592.0	-2012.0
1346	1118	-1048	I7	35.0	1584.7	-1291.8	592.0	-2012.0
1349	1965	-1526	I7	219.5	1644.4	-1310.8	592.0	-2012.0
1350	1875	-1602	I7	136.5	1643.7	-1338.6	592.0	-2012.0
1351	568	-363	I7	102.5	1490.5	-1186.0	568.0	-1986.0
1353	1282	-692	I7	295.0	1539.7	-1176.4	568.0	-1986.0
1354	2092	-1967	I7	62.5	1654.6	-1334.6	568.0	-1986.0
1355	1353	-1323	I7	15.0	1579.4	-1288.5	568.0	-1986.0
1358	1888	-1307	I7	290.5	1598.0	-1277.8	568.0	-1986.0
1359	2095	-1863	I7	116.0	1640.9	-1364.7	568.0	-1986.0
1360	810	-782	I7	14.0	1504.6	-1247.3	568.0	-1986.0
1362	1017	-435	I7	291.0	1494.5	-1186.0	568.0	-1967.0
1363	2156	-1828	I7	164.0	1513.6	-1216.2	568.0	-1967.0
1364	1738	-1468	I7	135.0	1499.9	-1202.8	568.0	-1967.0
1365	450	-110	I7	170.0	1488.1	-1177.5	450.0	-1967.0
1367	1698	-1057	I7	320.5	1529.7	-1214.0	450.0	-1967.0
1368	2214	-2018	I7	98.0	1541.9	-1219.1	450.0	-2018.0
1369	1177	-1124	I7	26.5	1524.3	-1199.2	450.0	-2018.0
1371	722	-139	I7	291.5	1407.7	-1082.4	450.0	-2018.0
1372	1948	-1459	I7	244.5	1393.0	-1042.0	450.0	-2018.0
1373	1866	-1430	I7	218.0	1498.6	-1106.8	450.0	-2018.0
1374	602	-121	I7	240.5	1457.1	-1075.4	450.0	-2018.0
1376	1270	-248	I7	511.0	1368.5	-917.4	450.0	-2018.0
1377	2085	-1199	I7	443.0	1403.2	-890.5	450.0	-2018.0
1378	1374	-339	I7	517.5	1495.6	-913.4	450.0	-2018.0
1382	2011	-251	I7	880.0	1526.9	-832.8	450.0	-2018.0
1391	2148	-170	I7	989.0	1520.3	-648.0	450.0	-2018.0
1414	2149	-107	I7	1021.0	1617.5	-546.3	450.0	-2018.0
1423	2071	-111	I7	980.0	1752.4	-543.5	450.0	-2018.0
1432	2145	-93	I7	1026.0	1772.1	-406.9	450.0	-2018.0
1446	2180	-104	I7	1038.0	1803.5	-274.3	450.0	-2018.0
1455	2047	-116	I7	965.5	1948.0	-273.8	450.0	-2018.0
1460	2108	-95	I7	1006.5	2031.8	-258.5	450.0	-2018.0
1469	2187	-170	I7	1008.5	2042.0	-155.6	450.0	-2018.0
1515	2079	-99	I7	990.0	2112.5	-131.6	602.0	-2018.0
1533	2084	-126	I7	979.0	2119.8	-119.1	602.0	-2018.0
1547	2162	-131	I7	1015.5	2121.2	-115.2	602.0	-1459.0
