	X	Y	Label	meanY	avgX	avgY	minX	minY
54	2130	-131	H11	999.5				
284	2153	-142	H11	1005.5				
298	1884	-184	H11	850.0				
302	1948	-515	H11	716.5				
303	1447	-272	H11	587.5				
306	1433	-103	H11	665.0				
307	1996	-1089	H11	453.5				
308	854	-429	H11	212.5				
311	1738	-1150	H11	294.0				
312	1543	-1304	H11	119.5	1712.6	-531.9		
313	249	-341	H11	-46.0	1524.5	-552.9		
315	1010	-794	H11	108.0	1410.2	-618.1		
316	1863	-2121	H11	-129.0	1408.1	-811.8		
317	1045	-1689	H11	-322.0	1317.8	-929.2		
318	-185	-488	H11	-336.5	1154.6	-950.8		
319	250	-491	H11	-120.5	1036.3	-989.6		
320	1475	-1857	H11	-191.0	984.2	-1066.4		
321	1678	-2370	H11	-346.0	1066.6	-1260.5		
322	500	-1506	H11	-503.0	942.8	-1296.1		
323	-264	-245	H11	-254.5	762.1	-1190.2	-264.0	-2370.0
324	572	-1008	H11	-218.0	794.4	-1256.9	-264.0	-2370.0
325	1671	-2259	H11	-294.0	860.5	-1403.4	-264.0	-2370.0
326	1319	-1965	H11	-323.0	806.1	-1387.8	-264.0	-2370.0
327	171	-842	H11	-335.5	718.7	-1303.1	-264.0	-2370.0
328	157	-234	H11	-38.5	752.9	-1277.7	-264.0	-2370.0
329	1255	-1463	H11	-104.0	853.4	-1374.9	-264.0	-2370.0
330	1824	-2403	H11	-289.5	888.3	-1429.5	-264.0	-2403.0
331	871	-1740	H11	-434.5	807.6	-1366.5	-264.0	-2403.0
332	-245	-446	H11	-345.5	733.1	-1260.5	-264.0	-2403.0
333	330	-744	H11	-207.0	792.5	-1310.4	-264.0	-2403.0
334	1509	-2013	H11	-252.0	886.2	-1410.9	-264.0	-2403.0
335	1553	-2240	H11	-343.5	874.4	-1409.0	-264.0	-2403.0
336	371	-1281	H11	-455.0	779.6	-1340.6	-264.0	-2403.0
337	-222	-194	H11	-208.0	740.3	-1275.8	-264.0	-2403.0
338	698	-1097	H11	-199.5	794.4	-1362.1	-264.0	-2403.0
339	1702	-2306	H11	-302.0	839.1	-1446.4	-264.0	-2403.0
340	1199	-1896	H11	-348.5	776.6	-1395.7	-264.0	-2403.0
341	54	-720	H11	-333.0	694.9	-1293.7	-264.0	-2403.0
342	257	-313	H11	-28.0	745.1	-1280.4	-264.0	-2403.0
343	1387	-1572	H11	-92.5	850.8	-1363.2	-245.0	-2403.0
344	1804	-2328	H11	-262.0	880.3	-1394.7	-245.0	-2403.0
345	725	-1576	H11	-425.5	797.5	-1328.3	-245.0	-2403.0
346	-330	-293	H11	-311.5	727.4	-1229.5	-330.0	-2403.0
347	342	-726	H11	-192.0	783.8	-1282.7	-330.0	-2403.0
348	1535	-2008	H11	-236.5	867.5	-1373.8	-330.0	-2403.0
349	1459	-2054	H11	-297.5	843.2	-1348.6	-330.0	-2403.0
350	290	-1029	H11	-369.5	752.3	-1261.9	-330.0	-2328.0
351	-118	-105	H11	-111.5	735.1	-1200.4	-330.0	-2328.0
352	856	-1167	H11	-155.5	795.0	-1285.8	-330.0	-2328.0
353	1711	-2298	H11	-293.5	827.4	-1358.4	-330.0	-2328.0
354	1068	-1831	H11	-381.5	753.8	-1308.7	-330.0	-2328.0
355	-83	-616	H11	-349.5	673.0	-1212.7	-330.0	-2328.0
356	329	-380	H11	-25.5	738.9	-1221.4	-330.0	-2328.0
357	1518	-1664	H11	-73.0	856.5	-1315.2	-330.0	-2328.0
358	1791	-2243	H11	-226.0	882.1	-1338.7	-330.0	-2328.0
359	624	-1389	H11	-382.5	798.6	-1272.2	-330.0	-2328.0
361	526	-711	H11	-92.5	822.2	-1240.4	-330.0	-2328.0
362	1729	-2028	H11	-149.5	1006.9	-1432.7	-330.0	-2328.0
363	1460	-1881	H11	-210.5	1067.3	-1504.1	-330.0	-2328.0
364	238	-718	H11	-240.0	920.0	-1346.1	-330.0	-2328.0
366	1181	-1269	H11	-44.0	931.3	-1289.9	-330.0	-2298.0
367	1878	-2386	H11	-254.0	1127.4	-1466.9	-330.0	-2386.0
368	998	-1763	H11	-382.5	1194.3	-1605.2	-118.0	-2386.0
369	-202	-426	H11	-314.0	1022.3	-1481.4	-202.0	-2386.0
370	367	-601	H11	-117.0	879.9	-1317.2	-202.0	-2386.0
371	1607	-1948	H11	-170.5	978.2	-1373.1	-202.0	-2386.0
372	1717	-2301	H11	-292.0	1097.3	-1532.1	-202.0	-2386.0
373	512	-1342	H11	-415.0	975.6	-1463.5	-202.0	-2386.0
374	-165	-185	H11	-175.0	813.1	-1293.9	-202.0	-2386.0
375	764	-1033	H11	-134.5	865.7	-1325.4	-202.0	-2386.0
376	1806	-2271	H11	-232.5	928.2	-1425.6	-202.0	-2386.0
377	1364	-1882	H11	-259.0	876.8	-1375.2	-202.0	-2386.0
378	205	-709	H11	-252.0	797.5	-1269.8	-202.0	-2386.0
379	321	-252	H11	34.5	849.8	-1252.4	-202.0	-2386.0
380	1404	-1465	H11	-30.5	953.5	-1338.8	-202.0	-2386.0
381	1871	-2293	H11	-211.0	979.9	-1373.3	-202.0	-2386.0
382	851	-1597	H11	-373.0	893.3	-1302.9	-202.0	-2386.0
383	-201	-340	H11	-270.5	822.0	-1202.7	-202.0	-2386.0
384	394	-710	H11	-158.0	877.9	-1255.2	-202.0	-2386.0
385	1534	-1975	H11	-220.5	954.9	-1349.4	-202.0	-2386.0
386	1508	-2089	H11	-290.5	925.1	-1331.2	-202.0	-2386.0
387	348	-1081	H11	-366.5	823.5	-1251.1	-202.0	-2301.0
388	-128	-113	H11	-120.5	790.2	-1191.5	-202.0	-2301.0
389	818	-1113	H11	-147.5	839.9	-1277.6	-201.0	-2301.0
390	1736	-2306	H11	-285.0	873.1	-1361.7	-201.0	-2306.0
391	1160	-1860	H11	-350.0	802.0	-1318.4	-201.0	-2306.0
392	14	-644	H11	-315.0	718.3	-1223.1	-201.0	-2306.0
393	318	-317	H11	0.5	770.2	-1220.8	-201.0	-2306.0
394	1496	-1587	H11	-45.5	880.4	-1308.5	-201.0	-2306.0
395	1850	-2244	H11	-197.0	912.0	-1335.4	-201.0	-2306.0
396	698	-1439	H11	-370.5	831.0	-1270.4	-201.0	-2306.0
397	-279	-155	H11	-217.0	768.3	-1177.8	-279.0	-2306.0
398	445	-689	H11	-122.0	825.6	-1235.4	-279.0	-2306.0
399	1630	-1986	H11	-178.0	906.8	-1322.7	-279.0	-2306.0
400	1463	-1920	H11	-228.5	879.5	-1284.1	-279.0	-2306.0
401	261	-821	H11	-280.0	789.6	-1180.2	-279.0	-2306.0
403	1078	-1248	H11	-85.0	896.0	-1240.6	-279.0	-2306.0
404	1846	-2409	H11	-281.5	1048.8	-1449.8	-279.0	-2409.0
405	1032	-1837	H11	-402.5	1002.4	-1474.8	-279.0	-2409.0
406	-169	-542	H11	-355.5	800.5	-1304.6	-279.0	-2409.0
407	296	-550	H11	-127.0	760.3	-1215.7	-279.0	-2409.0
408	1539	-1892	H11	-176.5	942.1	-1389.4	-279.0	-2409.0
409	1733	-2342	H11	-304.5	1070.9	-1554.7	-279.0	-2409.0
410	532	-1383	H11	-425.5	961.1	-1494.4	-279.0	-2409.0
411	-187	-125	H11	-156.0	796.1	-1314.9	-279.0	-2409.0
412	669	-715	H11	-23.0	836.9	-1304.3	-279.0	-2409.0
413	1708	-1593	H11	57.5	899.9	-1338.8	-279.0	-2409.0
414	1362	-950	H11	206.0	851.5	-1192.9	-279.0	-2409.0
418	2043	-626	H11	708.5	952.6	-1071.8	-279.0	-2409.0
455	1951	-236	H11	857.5	1164.6	-1041.2	-279.0	-2409.0
459	2055	-692	H11	681.5	1340.5	-1055.4	-279.0	-2409.0
460	1566	-608	H11	479.0	1343.2	-927.0	-187.0	-2409.0
463	1566	-552	H11	507.0	1326.5	-748.0	-187.0	-2409.0
464	2151	-1644	H11	253.5	1488.4	-774.1	-187.0	-2409.0
465	1050	-1025	H11	12.5	1612.1	-864.1	-187.0	-2409.0
467	557	-244	H11	156.5	1600.9	-817.0	-187.0	-2409.0
468	1821	-1687	H11	67.0	1612.2	-826.4	-187.0	-2409.0
469	1691	-1832	H11	-70.5	1645.1	-914.6	-187.0	-2342.0
470	464	-822	H11	-179.0	1487.2	-934.2	-187.0	-2342.0
472	1152	-1151	H11	0.5	1407.3	-1025.7	-187.0	-2342.0
473	1971	-2331	H11	-180.0	1398.9	-1189.6	-187.0	-2342.0
474	1256	-1847	H11	-295.5	1367.9	-1313.5	-187.0	-2342.0
475	82	-609	H11	-263.5	1219.5	-1319.2	-187.0	-2331.0
476	516	-501	H11	7.5	1056.0	-1204.9	-187.0	-2331.0
477	1740	-1856	H11	-58.0	1125.0	-1288.0	82.0	-2331.0
478	1974	-2395	H11	-210.5	1266.7	-1503.1	82.0	-2395.0
479	768	-1497	H11	-364.5	1161.4	-1484.1	82.0	-2395.0
480	-43	-182	H11	-112.5	988.0	-1319.1	-43.0	-2395.0
481	778	-911	H11	-66.5	1019.4	-1328.0	-43.0	-2395.0
482	1914	-2194	H11	-140.0	1095.6	-1432.3	-43.0	-2395.0
483	1556	-1934	H11	-189.0	1054.1	-1392.6	-43.0	-2395.0
484	326	-741	H11	-207.5	961.1	-1282.0	-43.0	-2395.0
486	1394	-1363	H11	15.5	1092.3	-1357.4	-43.0	-2395.0
487	1986	-2340	H11	-177.0	1239.3	-1541.3	-43.0	-2395.0
488	1030	-1643	H11	-306.5	1168.3	-1520.0	-43.0	-2395.0
489	-100	-340	H11	-220.0	960.9	-1314.5	-100.0	-2395.0
490	472	-650	H11	-89.0	931.3	-1229.8	-100.0	-2395.0
491	1671	-1971	H11	-150.0	1102.7	-1408.7	-100.0	-2395.0
492	1711	-2203	H11	-246.0	1196.0	-1537.9	-100.0	-2395.0
493	540	-1227	H11	-343.5	1058.6	-1441.2	-100.0	-2395.0
494	-31	-166	H11	-98.5	899.9	-1264.4	-100.0	-2395.0
495	910	-1115	H11	-102.5	958.3	-1301.8	-100.0	-2395.0
496	1880	-2342	H11	-231.0	1006.9	-1399.7	-100.0	-2395.0
497	1357	-1907	H11	-275.0	944.0	-1356.4	-100.0	-2395.0
498	210	-704	H11	-247.0	862.0	-1262.5	-100.0	-2395.0
499	427	-291	H11	68.0	914.7	-1257.6	-100.0	-2342.0
500	1572	-1560	H11	6.0	1024.7	-1348.6	-100.0	-2342.0
501	1972	-2286	H11	-157.0	1054.8	-1380.1	-100.0	-2342.0
502	872	-1509	H11	-318.5	970.9	-1310.7	-100.0	-2342.0
503	-179	-208	H11	-193.5	899.0	-1208.8	-179.0	-2342.0
504	505	-673	H11	-84.0	952.6	-1259.5	-179.0	-2342.0
505	1678	-1939	H11	-130.5	1029.4	-1341.9	-179.0	-2342.0
506	1583	-1940	H11	-178.5	999.7	-1301.7	-179.0	-2342.0
507	409	-897	H11	-244.0	904.9	-1200.7	-179.0	-2342.0
509	1107	-1210	H11	-51.5	994.6	-1251.3	-179.0	-2342.0
510	1918	-2379	H11	-230.5	1143.7	-1460.1	-179.0	-2379.0
511	1191	-1854	H11	-331.5	1105.6	-1489.5	-179.0	-2379.0
512	0	-591	H11	-295.5	908.4	-1320.0	-179.0	-2379.0
513	480	-497	H11	-8.5	869.2	-1218.8	-179.0	-2379.0
514	1734	-1870	H11	-68.0	1060.5	-1385.0	-179.0	-2379.0
515	1963	-2423	H11	-230.0	1206.3	-1560.0	-179.0	-2423.0
516	716	-1496	H11	-390.0	1110.1	-1515.7	-179.0	-2423.0
517	-119	-159	H11	-139.0	939.9	-1337.6	-179.0	-2423.0
518	695	-852	H11	-78.5	968.5	-1333.1	-179.0	-2423.0
519	1854	-2121	H11	-133.5	1043.2	-1424.2	-179.0	-2423.0
520	1547	-1882	H11	-167.5	1006.1	-1374.5	-179.0	-2423.0
521	364	-733	H11	-184.5	923.4	-1262.4	-179.0	-2423.0
523	1395	-1315	H11	40.0	1062.9	-1334.8	-179.0	-2423.0
524	1973	-2309	H11	-168.0	1212.2	-1516.0	-179.0	-2423.0
525	1052	-1642	H11	-295.0	1144.0	-1493.2	-119.0	-2423.0
526	-44	-384	H11	-214.0	943.3	-1289.3	-119.0	-2423.0
527	514	-669	H11	-77.5	923.1	-1206.6	-119.0	-2423.0
528	1735	-1989	H11	-127.0	1108.5	-1389.6	-119.0	-2423.0
529	1770	-2254	H11	-242.0	1216.0	-1529.8	-119.0	-2423.0
530	577	-1278	H11	-350.5	1088.3	-1445.5	-119.0	-2423.0
531	-30	-177	H11	-103.5	930.6	-1275.0	-119.0	-2423.0
532	882	-1091	H11	-104.5	982.4	-1310.8	-119.0	-2423.0
533	1892	-2321	H11	-214.5	1032.1	-1411.4	-119.0	-2423.0
534	1387	-1881	H11	-247.0	973.5	-1368.6	-119.0	-2423.0
535	233	-696	H11	-231.5	891.6	-1274.0	-119.0	-2423.0
536	399	-252	H11	73.5	935.9	-1260.8	-119.0	-2321.0
537	1528	-1512	H11	8.0	1037.3	-1345.1	-119.0	-2321.0
538	1952	-2284	H11	-166.0	1059.0	-1374.6	-44.0	-2321.0
539	891	-1551	H11	-330.0	971.1	-1304.3	-44.0	-2321.0
540	-173	-295	H11	-234.0	896.1	-1206.0	-173.0	-2321.0
541	469	-727	H11	-129.0	946.0	-1261.0	-173.0	-2321.0
542	1625	-1986	H11	-180.5	1020.3	-1350.5	-173.0	-2321.0
543	1574	-2047	H11	-236.5	988.5	-1323.1	-173.0	-2321.0
544	447	-1055	H11	-304.0	894.5	-1240.5	-173.0	-2321.0
545	34	-139	H11	-52.5	874.6	-1184.8	-173.0	-2321.0
546	1012	-1191	H11	-89.5	935.9	-1278.7	-173.0	-2321.0
547	1857	-2312	H11	-227.5	968.8	-1358.7	-173.0	-2321.0
548	1243	-1855	H11	-306.0	897.9	-1315.8	-173.0	-2321.0
549	103	-665	H11	-281.0	819.1	-1227.2	-173.0	-2321.0
550	474	-403	H11	35.5	883.8	-1238.0	-173.0	-2321.0
551	1616	-1651	H11	-17.5	998.5	-1330.4	-173.0	-2321.0
552	1899	-2246	H11	-173.5	1025.9	-1356.4	-173.0	-2321.0
553	776	-1457	H11	-340.5	946.1	-1297.4	-173.0	-2312.0
554	-147	-189	H11	-168.0	886.7	-1210.8	-173.0	-2312.0
555	585	-749	H11	-82.0	941.8	-1271.8	-173.0	-2312.0
556	1702	-2003	H11	-150.5	1010.8	-1353.0	-173.0	-2312.0
557	1513	-1827	H11	-157.0	976.4	-1304.5	-173.0	-2312.0
558	383	-620	H11	-118.5	890.4	-1181.0	-173.0	-2312.0
560	1219	-796	H11	211.5	1002.0	-1194.1	-173.0	-2312.0
561	1950	-1563	H11	193.5	1149.6	-1310.1	-147.0	-2312.0
562	1181	-695	H11	243.0	1106.1	-1214.5	-147.0	-2312.0
565	1804	-226	H11	789.0	1096.6	-1012.5	-147.0	-2312.0
566	1982	-296	H11	843.0	1217.2	-896.4	-147.0	-2312.0
607	2052	-487	H11	782.5	1437.1	-926.2	-147.0	-2312.0
611	1706	-615	H11	545.5	1549.2	-912.8	-147.0	-2312.0
612	1846	-1179	H11	333.5	1563.6	-830.4	-147.0	-2312.0
613	608	-379	H11	114.5	1473.1	-685.6	-147.0	-2246.0
615	942	-410	H11	266.0	1529.0	-664.6	-147.0	-2246.0
616	2039	-1911	H11	64.0	1611.0	-776.1	-147.0	-2246.0
617	1427	-1597	H11	-85.0	1558.7	-779.5	-147.0	-2246.0
618	139	-410	H11	-135.5	1454.5	-751.0	-147.0	-2246.0
620	1587	-1441	H11	73.0	1432.8	-872.5	-147.0	-2003.0
621	2001	-2238	H11	-118.5	1434.7	-1066.7	-147.0	-2238.0
622	770	-1445	H11	-337.5	1306.5	-1162.5	139.0	-2238.0
623	-271	-112	H11	-191.5	1108.8	-1112.2	-271.0	-2238.0
624	452	-683	H11	-115.5	969.4	-1062.6	-271.0	-2238.0
625	1641	-2002	H11	-180.5	1072.7	-1224.9	-271.0	-2238.0
626	1436	-1924	H11	-244.0	1122.1	-1376.3	-271.0	-2238.0
627	225	-823	H11	-299.0	940.7	-1267.5	-271.0	-2238.0
629	1032	-1266	H11	-117.0	901.2	-1234.4	-271.0	-2238.0
630	1759	-2371	H11	-306.0	1063.2	-1430.5	-271.0	-2371.0
631	929	-1813	H11	-442.0	997.4	-1467.7	-271.0	-2371.0
632	-246	-528	H11	-387.0	772.7	-1296.7	-271.0	-2371.0
633	221	-598	H11	-188.5	717.8	-1212.0	-271.0	-2371.0
634	1432	-1932	H11	-250.0	888.1	-1394.0	-271.0	-2371.0
635	1595	-2358	H11	-381.5	1002.4	-1561.5	-271.0	-2371.0
636	371	-1410	H11	-519.5	875.4	-1502.3	-271.0	-2371.0
637	-338	-169	H11	-253.5	698.0	-1326.8	-338.0	-2371.0
638	565	-959	H11	-197.0	732.0	-1340.4	-338.0	-2371.0
639	1707	-2247	H11	-270.0	799.5	-1438.5	-338.0	-2371.0
640	1299	-1904	H11	-302.5	753.5	-1391.8	-338.0	-2371.0
641	114	-706	H11	-296.0	672.0	-1281.1	-338.0	-2371.0
642	181	-156	H11	12.5	714.7	-1243.9	-338.0	-2371.0
643	1349	-1416	H11	-33.5	827.5	-1325.7	-338.0	-2371.0
644	1902	-2322	H11	-210.0	874.5	-1364.7	-338.0	-2371.0
645	902	-1622	H11	-360.0	805.2	-1291.1	-338.0	-2371.0
646	-171	-324	H11	-247.5	751.0	-1182.5	-338.0	-2371.0
647	431	-670	H11	-119.5	827.9	-1232.6	-338.0	-2371.0
648	1597	-1970	H11	-186.5	931.1	-1333.7	-338.0	-2371.0
649	1597	-2112	H11	-257.5	920.1	-1320.2	-338.0	-2371.0
650	412	-1110	H11	-349.0	831.4	-1240.8	-338.0	-2358.0
651	-86	-105	H11	-95.5	811.4	-1180.7	-338.0	-2358.0
652	890	-1118	H11	-114.0	882.3	-1276.9	-338.0	-2358.0
653	1824	-2333	H11	-254.5	929.8	-1368.6	-338.0	-2358.0
654	1242	-1869	H11	-313.5	863.8	-1323.3	-338.0	-2358.0
655	60	-622	H11	-281.0	779.6	-1223.3	-338.0	-2333.0
656	367	-282	H11	42.5	833.4	-1219.1	-338.0	-2333.0
657	1563	-1598	H11	-17.5	946.6	-1311.9	-171.0	-2333.0
658	1943	-2283	H11	-170.0	981.2	-1343.2	-171.0	-2333.0
659	762	-1453	H11	-345.5	897.7	-1277.3	-171.0	-2333.0
660	-234	-132	H11	-183.0	833.1	-1179.5	-234.0	-2333.0
661	499	-674	H11	-87.5	891.6	-1236.4	-234.0	-2333.0
662	1684	-1960	H11	-138.0	971.0	-1320.6	-234.0	-2333.0
663	1507	-1889	H11	-191.0	939.3	-1276.2	-234.0	-2333.0
664	307	-806	H11	-249.5	845.8	-1169.9	-234.0	-2333.0
666	1114	-1254	H11	-70.0	951.2	-1233.1	-234.0	-2333.0
667	1849	-2408	H11	-279.5	1099.4	-1445.7	-234.0	-2408.0
668	1027	-1809	H11	-391.0	1045.8	-1466.8	-234.0	-2408.0
669	-187	-513	H11	-350.0	832.8	-1289.8	-234.0	-2408.0
670	324	-556	H11	-116.0	789.0	-1200.1	-234.0	-2408.0
671	1578	-1926	H11	-174.0	970.2	-1379.5	-234.0	-2408.0
672	1755	-2376	H11	-310.5	1095.8	-1549.7	-234.0	-2408.0
673	522	-1423	H11	-450.5	979.6	-1496.0	-234.0	-2408.0
674	-239	-161	H11	-200.0	805.0	-1323.2	-239.0	-2408.0
675	662	-950	H11	-144.0	840.5	-1337.6	-239.0	-2408.0
676	1781	-2209	H11	-214.0	907.2	-1433.1	-239.0	-2408.0
677	1385	-1854	H11	-234.5	860.8	-1377.7	-239.0	-2408.0
678	198	-681	H11	-241.5	777.9	-1264.9	-239.0	-2408.0
679	270	-131	H11	69.5	823.6	-1226.7	-239.0	-2408.0
680	1412	-1407	H11	2.5	932.4	-1311.8	-239.0	-2408.0
681	1938	-2319	H11	-190.5	968.4	-1351.1	-239.0	-2408.0
682	952	-1629	H11	-338.5	888.1	-1276.4	-239.0	-2408.0
683	-150	-360	H11	-255.0	820.9	-1170.1	-239.0	-2408.0
684	434	-696	H11	-131.0	888.2	-1223.6	-239.0	-2408.0
685	1617	-1986	H11	-184.5	983.7	-1327.2	-239.0	-2408.0
686	1617	-2169	H11	-276.0	967.3	-1323.2	-239.0	-2408.0
687	449	-1175	H11	-363.0	873.7	-1255.3	-239.0	-2376.0
688	-65	-174	H11	-119.5	847.4	-1204.6	-239.0	-2376.0
689	895	-1159	H11	-132.0	909.9	-1307.4	-239.0	-2376.0
690	1832	-2360	H11	-264.0	951.9	-1402.7	-239.0	-2376.0
691	1244	-1890	H11	-323.0	882.5	-1359.8	-239.0	-2376.0
692	73	-647	H11	-287.0	794.6	-1261.6	-239.0	-2360.0
693	352	-280	H11	36.0	844.8	-1253.6	-239.0	-2360.0
694	1549	-1594	H11	-22.5	956.3	-1343.4	-150.0	-2360.0
695	1914	-2286	H11	-186.0	986.0	-1373.4	-150.0	-2360.0
696	750	-1463	H11	-356.5	899.3	-1302.8	-150.0	-2360.0
697	-266	-153	H11	-209.5	827.8	-1200.6	-266.0	-2360.0
698	462	-677	H11	-107.5	880.5	-1250.9	-266.0	-2360.0
699	1617	-1955	H11	-169.0	952.7	-1330.5	-266.0	-2360.0
700	1473	-1904	H11	-215.5	916.8	-1284.9	-266.0	-2360.0
701	298	-830	H11	-266.0	822.2	-1178.9	-266.0	-2360.0
703	1082	-1244	H11	-81.0	923.1	-1238.6	-266.0	-2360.0
704	1844	-2385	H11	-270.5	1072.3	-1449.1	-266.0	-2385.0
705	1043	-1817	H11	-387.0	1021.7	-1471.4	-266.0	-2385.0
706	-153	-520	H11	-336.5	815.0	-1294.8	-266.0	-2385.0
707	357	-514	H11	-78.5	775.7	-1199.9	-266.0	-2385.0
708	1610	-1863	H11	-126.5	963.3	-1370.9	-266.0	-2385.0
709	1819	-2358	H11	-269.5	1099.0	-1539.0	-266.0	-2385.0
710	586	-1422	H11	-418.0	995.9	-1485.7	-266.0	-2385.0
711	-192	-143	H11	-167.5	829.4	-1309.6	-266.0	-2385.0
712	670	-896	H11	-113.0	866.6	-1316.2	-266.0	-2385.0
713	1827	-2156	H11	-164.5	941.1	-1407.4	-266.0	-2385.0
714	1451	-1832	H11	-190.5	901.8	-1352.1	-266.0	-2385.0
715	291	-678	H11	-193.5	826.6	-1238.2	-266.0	-2385.0
716	302	-102	H11	100.0	872.1	-1196.4	-266.0	-2385.0
717	1394	-1355	H11	19.5	975.8	-1280.5	-266.0	-2385.0
718	1935	-2302	H11	-183.5	1008.3	-1324.4	-192.0	-2385.0
719	966	-1618	H11	-326.0	923.0	-1250.4	-192.0	-2385.0
720	-134	-347	H11	-240.5	851.0	-1142.9	-192.0	-2385.0
721	421	-662	H11	-120.5	912.3	-1194.8	-192.0	-2385.0
722	1611	-1956	H11	-172.5	1006.4	-1300.8	-192.0	-2385.0
723	1611	-2156	H11	-272.5	984.8	-1300.8	-192.0	-2385.0
724	455	-1198	H11	-371.5	885.2	-1237.4	-192.0	-2358.0
725	-111	-148	H11	-129.5	845.0	-1184.4	-192.0	-2358.0
726	797	-1075	H11	-139.0	894.5	-1281.7	-192.0	-2358.0
727	1776	-2273	H11	-248.5	932.7	-1373.5	-192.0	-2358.0
728	1259	-1848	H11	-294.5	865.1	-1328.1	-192.0	-2358.0
729	121	-676	H11	-277.5	780.6	-1233.9	-192.0	-2302.0
730	348	-281	H11	33.5	828.8	-1227.3	-192.0	-2302.0
731	1513	-1530	H11	-8.5	938.0	-1314.1	-134.0	-2302.0
732	1909	-2263	H11	-177.0	967.8	-1344.8	-134.0	-2302.0
733	805	-1513	H11	-354.0	887.2	-1280.5	-134.0	-2302.0
734	-235	-233	H11	-234.0	818.2	-1184.0	-235.0	-2302.0
735	448	-688	H11	-120.0	874.1	-1238.0	-235.0	-2302.0
736	1636	-1985	H11	-174.5	958.0	-1329.0	-235.0	-2302.0
737	1526	-2008	H11	-241.0	933.0	-1302.5	-235.0	-2302.0
738	347	-961	H11	-307.0	841.8	-1213.8	-235.0	-2273.0
740	1042	-1134	H11	-46.0	933.9	-1259.6	-235.0	-2273.0
741	1862	-2055	H11	-96.5	1085.3	-1437.0	-235.0	-2273.0
742	1165	-1237	H11	-36.0	1050.5	-1407.7	-235.0	-2273.0
745	1765	-686	H11	539.5	1036.1	-1250.0	-235.0	-2273.0
746	2017	-870	H11	573.5	1157.3	-1185.7	-235.0	-2273.0
810	2063	-866	H11	598.5	1387.1	-1249.0	-235.0	-2273.0
811	1110	-408	H11	351.0	1453.3	-1221.0	-235.0	-2273.0
814	1717	-1101	H11	308.0	1461.4	-1132.6	-235.0	-2273.0
815	1854	-1586	H11	134.0	1494.2	-1090.4	-235.0	-2263.0
816	582	-714	H11	-66.0	1517.7	-1065.7	-235.0	-2263.0
818	1014	-770	H11	122.0	1514.9	-1029.3	-235.0	-2263.0
819	2048	-2181	H11	-66.5	1533.5	-1041.9	-235.0	-2263.0
820	1412	-1787	H11	-187.5	1558.2	-1096.9	-235.0	-2263.0
821	168	-547	H11	-189.5	1398.5	-1083.0	-235.0	-2181.0
822	433	-190	H11	121.5	1240.1	-1015.0	-235.0	-2181.0
823	1666	-1583	H11	41.5	1200.4	-1086.7	168.0	-2181.0
824	2054	-2300	H11	-123.0	1294.8	-1275.9	168.0	-2300.0
825	837	-1477	H11	-320.0	1206.8	-1313.5	168.0	-2300.0
826	-165	-130	H11	-147.5	1004.9	-1167.9	-165.0	-2300.0
827	581	-740	H11	-79.5	1004.8	-1170.5	-165.0	-2300.0
828	1750	-2034	H11	-142.0	1078.4	-1296.9	-165.0	-2300.0
829	1522	-1922	H11	-200.0	1025.8	-1271.0	-165.0	-2300.0
830	323	-798	H11	-237.5	916.9	-1172.1	-165.0	-2300.0
832	1168	-1286	H11	-59.0	1016.9	-1246.0	-165.0	-2300.0
833	1878	-2406	H11	-264.0	1161.4	-1467.6	-165.0	-2406.0
834	1036	-1828	H11	-396.0	1098.4	-1492.1	-165.0	-2406.0
835	-128	-558	H11	-343.0	880.2	-1317.9	-165.0	-2406.0
836	375	-647	H11	-136.0	834.0	-1234.9	-165.0	-2406.0
837	1553	-1951	H11	-199.0	1005.8	-1417.0	-165.0	-2406.0
838	1692	-2346	H11	-327.0	1116.9	-1577.6	-165.0	-2406.0
839	506	-1440	H11	-467.0	992.5	-1518.2	-165.0	-2406.0
840	-199	-241	H11	-220.0	820.4	-1350.1	-199.0	-2406.0
841	651	-1032	H11	-190.5	853.2	-1373.5	-199.0	-2406.0
842	1756	-2256	H11	-250.0	912.0	-1470.5	-199.0	-2406.0
843	1388	-1920	H11	-266.0	863.0	-1421.9	-199.0	-2406.0
844	248	-790	H11	-271.0	784.2	-1318.1	-199.0	-2406.0
845	274	-243	H11	15.5	824.4	-1286.6	-199.0	-2406.0
846	1363	-1466	H11	-51.5	923.2	-1368.5	-199.0	-2406.0
847	1903	-2375	H11	-236.0	958.2	-1410.9	-199.0	-2406.0
848	946	-1708	H11	-381.0	883.6	-1347.1	-199.0	-2406.0
849	-117	-454	H11	-285.5	821.3	-1248.5	-199.0	-2406.0
850	443	-776	H11	-166.5	885.5	-1302.0	-199.0	-2406.0
851	1616	-2049	H11	-216.5	982.0	-1403.7	-199.0	-2406.0
852	1616	-2244	H11	-314.0	968.0	-1402.5	-199.0	-2406.0
853	439	-1281	H11	-421.0	873.1	-1338.6	-199.0	-2375.0
854	-115	-225	H11	-170.0	836.8	-1282.1	-199.0	-2375.0
855	804	-1144	H11	-170.0	889.8	-1372.2	-199.0	-2375.0
856	1773	-2335	H11	-281.0	930.8	-1459.1	-199.0	-2375.0
857	1254	-1912	H11	-329.0	865.9	-1412.8	-199.0	-2375.0
858	103	-719	H11	-308.0	781.6	-1313.9	-199.0	-2375.0
859	298	-311	H11	-6.5	823.1	-1299.6	-199.0	-2375.0
860	1437	-1539	H11	-51.0	922.5	-1375.9	-117.0	-2375.0
861	1834	-2263	H11	-214.5	944.3	-1397.3	-117.0	-2375.0
862	750	-1517	H11	-383.5	857.7	-1324.6	-117.0	-2375.0
863	-283	-252	H11	-267.5	785.5	-1221.7	-283.0	-2375.0
864	379	-681	H11	-151.0	834.9	-1267.3	-283.0	-2375.0
865	1524	-1949	H11	-212.5	906.9	-1347.8	-283.0	-2375.0
866	1445	-1988	H11	-271.5	874.1	-1313.1	-283.0	-2375.0
867	283	-954	H11	-335.5	777.0	-1217.3	-283.0	-2335.0
869	948	-1199	H11	-125.5	861.5	-1265.3	-283.0	-2335.0
870	1788	-2384	H11	-298.0	1010.5	-1472.6	-283.0	-2384.0
871	1083	-1876	H11	-396.5	975.1	-1506.3	-283.0	-2384.0
872	-118	-614	H11	-366.0	779.9	-1341.4	-283.0	-2384.0
873	287	-428	H11	-70.5	733.6	-1232.5	-283.0	-2384.0
874	1512	-1761	H11	-124.5	913.1	-1383.4	-283.0	-2384.0
875	1807	-2346	H11	-269.5	1055.9	-1549.9	-283.0	-2384.0
876	614	-1474	H11	-430.0	964.9	-1502.4	-283.0	-2384.0
877	-282	-149	H11	-215.5	792.2	-1318.5	-283.0	-2384.0
878	497	-783	H11	-143.0	813.6	-1301.4	-283.0	-2384.0
879	1631	-2042	H11	-205.5	881.9	-1385.7	-283.0	-2384.0
880	1368	-1854	H11	-243.0	839.9	-1332.7	-283.0	-2384.0
881	198	-730	H11	-266.0	751.4	-1218.1	-283.0	-2384.0
883	1184	-1295	H11	-55.5	881.6	-1286.2	-283.0	-2384.0
884	1833	-2369	H11	-268.0	1036.2	-1480.3	-283.0	-2384.0
885	939	-1732	H11	-396.5	978.9	-1477.4	-282.0	-2384.0
886	-232	-415	H11	-323.5	775.0	-1284.3	-282.0	-2384.0
887	315	-628	H11	-156.5	745.1	-1199.7	-282.0	-2384.0
888	1585	-1981	H11	-198.0	931.8	-1382.9	-282.0	-2384.0
889	1697	-2325	H11	-314.0	1051.8	-1537.1	-282.0	-2384.0
890	483	-1346	H11	-431.5	937.0	-1467.5	-282.0	-2384.0
891	-194	-189	H11	-191.5	780.8	-1301.0	-282.0	-2369.0
892	717	-1059	H11	-171.0	832.7	-1333.9	-282.0	-2369.0
893	1788	-2318	H11	-265.0	893.1	-1436.2	-282.0	-2369.0
894	1343	-1921	H11	-289.0	844.1	-1391.4	-282.0	-2369.0
895	193	-738	H11	-272.5	769.5	-1292.0	-282.0	-2369.0
896	322	-283	H11	19.5	824.9	-1278.8	-282.0	-2369.0
897	1436	-1513	H11	-38.5	937.0	-1367.3	-282.0	-2369.0
898	1868	-2339	H11	-235.5	965.3	-1403.1	-232.0	-2369.0
899	835	-1621	H11	-393.0	879.1	-1332.7	-232.0	-2369.0
900	-232	-358	H11	-295.0	807.6	-1233.9	-232.0	-2369.0
901	412	-746	H11	-167.0	868.2	-1289.6	-232.0	-2369.0
902	1576	-2010	H11	-217.0	954.1	-1384.7	-232.0	-2369.0
903	1550	-2108	H11	-279.0	930.3	-1363.7	-232.0	-2369.0
904	385	-1098	H11	-356.5	834.5	-1281.4	-232.0	-2339.0
905	-93	-146	H11	-119.5	805.9	-1222.2	-232.0	-2339.0
906	868	-1159	H11	-145.5	860.5	-1309.8	-232.0	-2339.0
907	1783	-2349	H11	-283.0	895.2	-1393.4	-232.0	-2349.0
908	1191	-1885	H11	-347.0	827.5	-1348.0	-232.0	-2349.0
909	31	-681	H11	-325.0	747.1	-1254.0	-232.0	-2349.0
910	345	-376	H11	-15.5	804.8	-1255.8	-232.0	-2349.0
911	1519	-1644	H11	-62.5	915.5	-1345.6	-232.0	-2349.0
912	1845	-2280	H11	-217.5	942.4	-1372.6	-232.0	-2349.0
913	697	-1468	H11	-385.5	857.1	-1308.6	-232.0	-2349.0
914	-280	-164	H11	-222.0	790.6	-1215.2	-280.0	-2349.0
915	457	-703	H11	-123.0	845.6	-1270.9	-280.0	-2349.0
916	1637	-1995	H11	-179.0	922.5	-1354.5	-280.0	-2349.0
917	1458	-1912	H11	-227.0	890.0	-1310.8	-280.0	-2349.0
918	264	-807	H11	-271.5	797.3	-1203.0	-280.0	-2349.0
920	1129	-1266	H11	-68.5	907.1	-1261.5	-280.0	-2349.0
921	1863	-2438	H11	-287.5	1058.9	-1467.7	-280.0	-2438.0
922	1013	-1838	H11	-412.5	1008.3	-1487.1	-280.0	-2438.0
923	-219	-482	H11	-350.5	801.9	-1307.3	-280.0	-2438.0
924	316	-561	H11	-122.5	763.8	-1216.6	-280.0	-2438.0
925	1614	-1941	H11	-163.5	953.2	-1394.3	-280.0	-2438.0
926	1787	-2386	H11	-299.5	1086.2	-1562.6	-280.0	-2438.0
927	534	-1417	H11	-441.5	975.9	-1504.8	-280.0	-2438.0
928	-223	-171	H11	-197.0	807.8	-1330.7	-280.0	-2438.0
929	701	-979	H11	-139.0	851.5	-1347.9	-280.0	-2438.0
930	1807	-2249	H11	-221.0	919.3	-1446.2	-280.0	-2438.0
931	1390	-1876	H11	-243.0	872.0	-1390.0	-280.0	-2438.0
932	218	-689	H11	-235.5	792.5	-1275.1	-280.0	-2438.0
933	291	-178	H11	56.5	843.5	-1244.7	-280.0	-2438.0
934	1402	-1422	H11	-10.0	952.1	-1330.8	-280.0	-2438.0
935	1889	-2316	H11	-213.5	979.6	-1368.3	-223.0	-2438.0
936	892	-1623	H11	-365.5	890.1	-1292.0	-223.0	-2438.0
937	-193	-347	H11	-270.0	817.4	-1185.0	-223.0	-2438.0
938	421	-705	H11	-142.0	881.8	-1238.4	-223.0	-2438.0
939	1586	-2008	H11	-211.0	970.3	-1341.3	-223.0	-2438.0
940	1568	-2141	H11	-286.5	946.4	-1330.5	-223.0	-2438.0
941	380	-1131	H11	-375.5	845.4	-1256.0	-223.0	-2386.0
942	-123	-148	H11	-135.5	811.3	-1201.9	-223.0	-2386.0
943	833	-1151	H11	-159.0	865.5	-1299.2	-223.0	-2386.0
944	1775	-2360	H11	-292.5	902.8	-1393.0	-223.0	-2386.0
945	1183	-1901	H11	-359.0	832.2	-1351.5	-223.0	-2386.0
946	10	-650	H11	-320.0	744.0	-1254.2	-223.0	-2360.0
947	340	-305	H11	17.5	797.3	-1250.0	-223.0	-2360.0
948	1492	-1481	H11	5.5	904.4	-1327.6	-193.0	-2360.0
949	1855	-1924	H11	-34.5	931.3	-1319.2	-193.0	-2360.0
950	739	-895	H11	-78.0	848.4	-1194.6	-193.0	-2360.0
953	1789	-888	H11	450.5	989.3	-1170.3	-193.0	-2360.0
954	1580	-442	H11	569.0	1159.6	-1199.7	-193.0	-2360.0
958	2082	-195	H11	943.5	1284.5	-1104.1	-193.0	-2360.0
1013	1982	-131	H11	925.5	1305.2	-881.2	-193.0	-2360.0
1018	2050	-332	H11	859.0	1391.9	-724.3	-193.0	-2360.0
1022	2129	-714	H11	707.5	1603.8	-730.7	-193.0	-2360.0
1023	1682	-644	H11	519.0	1738.0	-764.6	-123.0	-2360.0
1026	1585	-499	H11	543.0	1747.3	-666.4	-123.0	-2360.0
1027	2216	-1667	H11	274.5	1783.4	-640.7	-123.0	-2360.0
1028	1158	-1068	H11	45.0	1825.3	-658.0	-123.0	-2360.0
1030	597	-248	H11	174.5	1706.1	-594.0	-123.0	-2360.0
1031	1882	-1690	H11	96.0	1736.3	-718.8	10.0	-2360.0
1032	1760	-1841	H11	-40.5	1704.1	-883.4	10.0	-2360.0
1033	525	-814	H11	-144.5	1558.4	-951.7	10.0	-1924.0
1035	1138	-1074	H11	32.0	1467.2	-1025.9	10.0	-1924.0
1036	1987	-2264	H11	-138.5	1453.0	-1180.9	340.0	-2264.0
1037	1300	-1790	H11	-245.0	1414.8	-1295.5	525.0	-2264.0
1038	120	-555	H11	-217.5	1268.3	-1301.1	120.0	-2264.0
1039	533	-380	H11	76.5	1100.0	-1172.4	120.0	-2264.0
1040	1705	-1696	H11	4.5	1154.7	-1235.2	120.0	-2264.0
1041	1949	-2242	H11	-146.5	1289.9	-1434.6	120.0	-2264.0
1042	814	-1410	H11	-298.0	1183.1	-1406.6	120.0	-2264.0
1043	-24	-140	H11	-82.0	1004.7	-1236.5	-24.0	-2264.0
1044	717	-813	H11	-48.0	1023.9	-1236.4	-24.0	-2264.0
1045	1854	-2083	H11	-114.5	1095.5	-1337.3	-24.0	-2264.0
1046	1579	-1887	H11	-154.0	1054.7	-1299.6	-24.0	-2264.0
1047	379	-754	H11	-187.5	962.6	-1196.0	-24.0	-2264.0
1049	1324	-1299	H11	12.5	1083.0	-1270.4	-24.0	-2264.0
1050	1978	-2349	H11	-185.5	1227.5	-1467.3	-24.0	-2349.0
1051	1077	-1742	H11	-332.5	1164.7	-1471.9	-24.0	-2349.0
1052	-67	-479	H11	-273.0	963.1	-1295.6	-67.0	-2349.0
1053	444	-685	H11	-120.5	926.1	-1223.1	-67.0	-2349.0
1054	1653	-1996	H11	-171.5	1093.8	-1408.7	-67.0	-2349.0
1055	1749	-2301	H11	-276.0	1197.0	-1557.5	-67.0	-2349.0
1056	559	-1353	H11	-397.0	1067.5	-1484.5	-67.0	-2349.0
1057	-73	-215	H11	-144.0	902.3	-1317.3	-73.0	-2349.0
1058	854	-1094	H11	-120.0	949.8	-1351.3	-73.0	-2349.0
1059	1888	-2351	H11	-231.5	1006.2	-1456.5	-73.0	-2351.0
1060	1431	-1950	H11	-259.5	951.5	-1416.6	-73.0	-2351.0
1061	282	-736	H11	-227.0	872.0	-1316.0	-73.0	-2351.0
1062	407	-235	H11	86.0	919.4	-1291.6	-73.0	-2351.0
1063	1542	-1485	H11	28.5	1029.2	-1371.6	-73.0	-2351.0
1064	2007	-2297	H11	-145.0	1064.6	-1401.7	-73.0	-2351.0
1065	968	-1556	H11	-294.0	986.5	-1327.2	-73.0	-2351.0
1066	-90	-269	H11	-179.5	921.6	-1218.8	-90.0	-2351.0
1067	558	-685	H11	-63.5	984.7	-1265.8	-90.0	-2351.0
1068	1713	-1969	H11	-128.0	1070.6	-1353.3	-90.0	-2351.0
1069	1652	-2042	H11	-195.0	1047.0	-1322.4	-90.0	-2351.0
1070	466	-996	H11	-265.0	950.5	-1227.0	-90.0	-2351.0
1072	1086	-1207	H11	-60.5	1030.9	-1274.1	-90.0	-2351.0
1073	1960	-2422	H11	-231.0	1186.2	-1492.8	-90.0	-2422.0
1074	1277	-1914	H11	-318.5	1159.7	-1535.7	-90.0	-2422.0
1075	66	-633	H11	-283.5	965.6	-1369.3	-90.0	-2422.0
1076	461	-430	H11	15.5	914.9	-1256.7	-90.0	-2422.0
1077	1704	-1795	H11	-45.5	1094.3	-1409.3	-90.0	-2422.0
1078	2006	-2402	H11	-198.0	1239.1	-1581.0	-90.0	-2422.0
1079	795	-1500	H11	-352.5	1147.3	-1534.1	-90.0	-2422.0
1080	-106	-152	H11	-129.0	971.5	-1345.1	-106.0	-2422.0
1081	700	-812	H11	-56.0	994.9	-1326.7	-106.0	-2422.0
1082	1866	-2088	H11	-111.0	1072.9	-1414.8	-106.0	-2422.0
1083	1597	-1900	H11	-151.5	1036.6	-1362.6	-106.0	-2422.0
1084	407	-735	H11	-164.0	949.6	-1244.7	-106.0	-2422.0
1086	1364	-1281	H11	41.5	1079.4	-1309.5	-106.0	-2422.0
1087	1993	-2332	H11	-169.5	1232.6	-1499.7	-106.0	-2422.0
1088	1094	-1698	H11	-302.0	1171.6	-1490.0	-106.0	-2422.0
1089	-41	-423	H11	-232.0	966.9	-1292.1	-106.0	-2422.0
1090	490	-644	H11	-77.0	936.4	-1206.5	-106.0	-2422.0
1091	1713	-1962	H11	-124.5	1118.3	-1387.5	-106.0	-2422.0
1092	1783	-2280	H11	-248.5	1226.6	-1534.3	-106.0	-2422.0
1093	600	-1313	H11	-356.5	1100.0	-1456.8	-106.0	-2422.0
1094	-48	-190	H11	-119.0	935.5	-1285.8	-106.0	-2402.0
1095	878	-1082	H11	-102.0	982.6	-1320.5	-106.0	-2402.0
1096	1914	-2340	H11	-213.0	1037.6	-1426.4	-106.0	-2402.0
1097	1443	-1932	H11	-244.5	982.6	-1386.4	-106.0	-2402.0
1098	275	-713	H11	-219.0	900.7	-1287.9	-106.0	-2402.0
1099	429	-239	H11	95.0	947.7	-1269.5	-106.0	-2340.0
1100	1585	-1517	H11	34.0	1057.2	-1356.8	-106.0	-2340.0
1101	2024	-2329	H11	-152.5	1088.3	-1393.5	-48.0	-2340.0
1102	980	-1576	H11	-298.0	1008.0	-1323.1	-48.0	-2340.0
1103	-118	-283	H11	-200.5	936.2	-1220.1	-118.0	-2340.0
1104	527	-679	H11	-76.0	993.7	-1269.0	-118.0	-2340.0
1105	1679	-1939	H11	-130.0	1073.8	-1354.7	-118.0	-2340.0
1106	1630	-2017	H11	-193.5	1045.4	-1322.4	-118.0	-2340.0
1107	474	-986	H11	-256.0	948.5	-1227.8	-118.0	-2340.0
1109	1075	-1178	H11	-51.5	1028.5	-1274.3	-118.0	-2340.0
1110	1933	-2363	H11	-215.0	1178.9	-1486.7	-118.0	-2363.0
1111	1268	-1866	H11	-299.0	1147.2	-1521.6	-118.0	-2363.0
1112	77	-605	H11	-264.0	952.5	-1349.2	-118.0	-2363.0
1113	494	-384	H11	55.0	903.9	-1230.0	-118.0	-2363.0
1114	1717	-1745	H11	-14.0	1087.4	-1376.2	-118.0	-2363.0
1115	2023	-2363	H11	-170.0	1237.0	-1544.6	-118.0	-2363.0
1116	811	-1462	H11	-325.5	1150.2	-1496.9	-118.0	-2363.0
1117	-109	-99	H11	-104.0	976.3	-1305.1	-118.0	-2363.0
1118	712	-770	H11	-29.0	1000.1	-1283.5	-118.0	-2363.0
1119	1894	-2080	H11	-93.0	1082.0	-1373.7	-118.0	-2363.0
1120	1617	-1887	H11	-135.0	1050.4	-1326.1	-118.0	-2363.0
1121	411	-726	H11	-157.5	964.7	-1212.1	-118.0	-2363.0
1123	1370	-1281	H11	44.5	1094.0	-1279.7	-118.0	-2363.0
1124	2023	-2345	H11	-161.0	1246.9	-1475.8	-118.0	-2363.0
1125	1149	-1709	H11	-280.0	1190.1	-1472.2	-109.0	-2363.0
1126	5	-428	H11	-211.5	988.3	-1278.7	-109.0	-2363.0
1127	565	-675	H11	-55.0	963.7	-1200.0	-109.0	-2363.0
1128	1786	-2022	H11	-118.0	1153.2	-1392.3	-109.0	-2363.0
1129	1853	-2313	H11	-230.0	1267.3	-1546.6	-109.0	-2363.0
1130	635	-1325	H11	-345.0	1141.4	-1471.1	-109.0	-2363.0
1131	-2	-192	H11	-97.0	979.5	-1301.6	-109.0	-2363.0
1132	948	-1123	H11	-87.5	1033.2	-1341.3	-109.0	-2363.0
1133	1994	-2407	H11	-206.5	1095.6	-1453.9	-109.0	-2407.0
1134	1489	-1978	H11	-244.5	1042.2	-1417.2	-109.0	-2407.0
1135	260	-731	H11	-235.5	953.3	-1319.4	-109.0	-2407.0
1136	423	-248	H11	87.5	995.1	-1301.4	-109.0	-2407.0
1137	1582	-1531	H11	25.5	1096.8	-1387.0	-109.0	-2407.0
1138	2011	-2298	H11	-143.5	1119.3	-1414.6	-2.0	-2407.0
1139	929	-1528	H11	-299.5	1026.9	-1336.1	-2.0	-2407.0
1140	-136	-231	H11	-183.5	949.8	-1226.7	-136.0	-2407.0
1141	538	-688	H11	-75.0	1003.8	-1276.3	-136.0	-2407.0
1142	1692	-1978	H11	-143.0	1078.2	-1361.8	-136.0	-2407.0
1143	1589	-1997	H11	-204.0	1037.7	-1320.8	-136.0	-2407.0
1144	411	-951	H11	-270.0	929.9	-1218.1	-136.0	-2407.0
1146	1111	-1092	H11	9.5	1015.0	-1254.2	-136.0	-2407.0
1147	1940	-1958	H11	-9.0	1166.7	-1425.2	-136.0	-2407.0
1148	1246	-1138	H11	54.0	1133.1	-1385.9	-136.0	-2407.0
1151	1823	-552	H11	635.5	1114.3	-1211.3	-136.0	-2407.0
1152	2082	-729	H11	676.5	1229.6	-1131.4	-136.0	-2407.0
1216	2022	-983	H11	519.5	1445.4	-1206.6	-136.0	-2407.0
1217	1188	-629	H11	279.5	1510.4	-1200.7	-136.0	-2407.0
1220	1762	-1134	H11	314.0	1517.4	-1116.3	-136.0	-2407.0
1221	2008	-1813	H11	97.5	1559.3	-1097.9	-136.0	-2298.0
1222	719	-981	H11	-131.0	1590.1	-1100.9	-136.0	-2298.0
1224	960	-801	H11	79.5	1575.0	-1071.8	-136.0	-2298.0
1225	2116	-2269	H11	-76.5	1592.6	-1102.9	-136.0	-2298.0
1226	1555	-1899	H11	-172.0	1623.5	-1179.0	-136.0	-2298.0
1227	242	-668	H11	-213.0	1465.4	-1190.6	-136.0	-2269.0
1228	354	-175	H11	89.5	1292.6	-1135.2	-136.0	-2269.0
1229	1546	-1557	H11	-5.5	1245.0	-1192.6	242.0	-2269.0
1230	2009	-2364	H11	-177.5	1327.1	-1366.1	242.0	-2364.0
1231	891	-1570	H11	-339.5	1240.0	-1409.7	242.0	-2364.0
1232	-215	-201	H11	-208.0	1017.7	-1248.5	-215.0	-2364.0
1233	464	-701	H11	-118.5	992.2	-1220.5	-215.0	-2364.0
1234	1640	-1987	H11	-173.5	1060.2	-1339.1	-215.0	-2364.0
1235	1512	-1958	H11	-223.0	999.8	-1308.0	-215.0	-2364.0
1236	364	-910	H11	-273.0	880.7	-1209.1	-215.0	-2364.0
1238	1102	-1232	H11	-65.0	966.7	-1265.5	-215.0	-2364.0
1239	1898	-2372	H11	-237.0	1121.1	-1485.2	-215.0	-2372.0
1240	1143	-1841	H11	-349.0	1080.8	-1513.6	-215.0	-2372.0
1241	-70	-579	H11	-324.5	872.9	-1335.1	-215.0	-2372.0
1242	374	-498	H11	-62.0	821.2	-1227.9	-215.0	-2372.0
1243	1599	-1812	H11	-106.5	1002.6	-1389.0	-215.0	-2372.0
1244	1822	-2321	H11	-249.5	1138.4	-1551.0	-215.0	-2372.0
1245	609	-1435	H11	-413.0	1035.3	-1495.8	-215.0	-2372.0
1246	-247	-122	H11	-184.5	859.4	-1312.2	-247.0	-2372.0
1247	542	-819	H11	-138.5	877.2	-1303.1	-247.0	-2372.0
1248	1685	-2064	H11	-189.5	935.5	-1386.3	-247.0	-2372.0
1249	1390	-1817	H11	-213.5	884.7	-1330.8	-247.0	-2372.0
1250	226	-685	H11	-229.5	793.0	-1215.2	-247.0	-2372.0
1252	1247	-1274	H11	-13.5	924.7	-1284.7	-247.0	-2372.0
1253	1843	-2295	H11	-226.0	1071.6	-1464.4	-247.0	-2372.0
1254	925	-1664	H11	-369.5	1004.2	-1449.6	-247.0	-2372.0
1255	-210	-362	H11	-286.0	801.0	-1253.7	-247.0	-2372.0
1256	352	-627	H11	-137.5	775.3	-1172.9	-247.0	-2372.0
1257	1561	-1930	H11	-184.5	956.1	-1353.7	-247.0	-2372.0
1258	1616	-2223	H11	-303.5	1063.5	-1494.1	-247.0	-2372.0
1259	389	-1251	H11	-431.0	933.9	-1412.8	-247.0	-2372.0
1260	-235	-145	H11	-190.0	771.4	-1245.6	-247.0	-2321.0
1261	698	-1039	H11	-170.5	818.6	-1281.0	-247.0	-2321.0
1262	1736	-2281	H11	-272.5	867.5	-1381.7	-247.0	-2321.0
1263	1251	-1852	H11	-300.5	808.3	-1337.4	-247.0	-2321.0
1264	72	-623	H11	-275.5	723.0	-1233.3	-247.0	-2321.0
1265	269	-201	H11	34.0	770.9	-1217.2	-247.0	-2295.0
1266	1434	-1483	H11	-24.5	879.1	-1302.8	-247.0	-2295.0
1267	1877	-2270	H11	-196.5	910.7	-1336.8	-235.0	-2295.0
1268	798	-1489	H11	-345.5	828.9	-1263.4	-235.0	-2295.0
1269	-266	-180	H11	-223.0	763.4	-1156.3	-266.0	-2295.0
1270	419	-638	H11	-109.5	828.8	-1205.6	-266.0	-2295.0
1271	1628	-1937	H11	-154.5	921.8	-1295.4	-266.0	-2295.0
1272	1529	-1976	H11	-223.5	901.1	-1264.9	-266.0	-2295.0
1273	317	-904	H11	-293.5	807.7	-1170.1	-266.0	-2281.0
1275	1004	-1166	H11	-81.0	900.9	-1224.4	-266.0	-2281.0
1276	1843	-2351	H11	-254.0	1058.3	-1439.4	-266.0	-2351.0
1277	1134	-1822	H11	-344.0	1028.3	-1473.3	-266.0	-2351.0
1278	-76	-552	H11	-314.0	833.0	-1301.5	-266.0	-2351.0
1279	367	-411	H11	-22.0	789.9	-1193.7	-266.0	-2351.0
1280	1581	-1743	H11	-81.0	974.6	-1350.0	-266.0	-2351.0
1281	1834	-2311	H11	-238.5	1116.1	-1517.3	-266.0	-2351.0
1282	623	-1414	H11	-395.5	1015.6	-1465.0	-266.0	-2351.0
1284	597	-766	H11	-84.5	922.4	-1344.0	-266.0	-2351.0
1285	1744	-2046	H11	-151.0	1065.1	-1458.2	-266.0	-2351.0
1286	1443	-1823	H11	-190.0	1109.0	-1523.9	-266.0	-2351.0
1287	244	-659	H11	-207.5	949.1	-1354.7	-266.0	-2351.0
1289	1294	-1275	H11	9.5	965.1	-1300.0	-266.0	-2351.0
1290	1938	-2315	H11	-188.5	1166.5	-1476.3	-266.0	-2351.0
1291	1001	-1651	H11	-325.0	1229.9	-1600.3	-266.0	-2351.0
1292	-139	-342	H11	-240.5	1057.9	-1460.2	-139.0	-2351.0
1293	415	-616	H11	-100.5	916.0	-1290.7	-139.0	-2351.0
1294	1627	-1934	H11	-153.5	1016.4	-1342.7	-139.0	-2351.0
1295	1697	-2219	H11	-261.0	1126.4	-1488.0	-139.0	-2351.0
1296	482	-1239	H11	-378.5	1000.2	-1407.3	-139.0	-2351.0
1297	-144	-144	H11	-144.0	841.5	-1239.4	-144.0	-2351.0
1298	803	-1059	H11	-128.0	897.4	-1279.4	-144.0	-2315.0
1299	1794	-2299	H11	-252.5	947.4	-1381.8	-144.0	-2315.0
1300	1295	-1858	H11	-281.5	883.1	-1336.1	-144.0	-2315.0
1301	135	-644	H11	-254.5	796.5	-1235.4	-144.0	-2315.0
1302	329	-219	H11	55.0	843.3	-1223.1	-144.0	-2315.0
1303	1494	-1491	H11	1.5	951.2	-1310.6	-144.0	-2315.0
1304	1921	-2268	H11	-173.5	980.6	-1344.0	-144.0	-2315.0
1305	835	-1486	H11	-325.5	894.4	-1270.7	-144.0	-2315.0
1306	-237	-187	H11	-212.0	822.5	-1165.5	-237.0	-2315.0
1307	432	-631	H11	-99.5	880.1	-1214.2	-237.0	-2315.0
1308	1620	-1916	H11	-148.0	961.8	-1299.9	-237.0	-2315.0
1309	1519	-1943	H11	-212.0	934.3	-1264.3	-237.0	-2315.0
1310	322	-892	H11	-285.0	837.0	-1167.7	-237.0	-2299.0
1312	978	-1176	H11	-99.0	921.3	-1220.9	-237.0	-2299.0
1313	1815	-2378	H11	-281.5	1069.9	-1436.8	-237.0	-2378.0
1314	1075	-1838	H11	-381.5	1028.0	-1471.5	-237.0	-2378.0
1315	-165	-555	H11	-360.0	819.4	-1300.2	-237.0	-2378.0
1316	292	-418	H11	-63.0	765.1	-1193.4	-237.0	-2378.0
1317	1541	-1766	H11	-112.5	942.9	-1351.3	-237.0	-2378.0
1318	1797	-2322	H11	-262.5	1079.4	-1520.4	-237.0	-2378.0
1319	591	-1415	H11	-412.0	976.5	-1470.3	-237.0	-2378.0
1320	-261	-102	H11	-181.5	798.5	-1286.2	-261.0	-2378.0
1321	543	-775	H11	-116.0	820.6	-1274.5	-261.0	-2378.0
1322	1684	-2030	H11	-173.0	891.2	-1359.9	-261.0	-2378.0
1323	1372	-1782	H11	-205.0	846.9	-1300.3	-261.0	-2378.0
1324	198	-655	H11	-228.5	759.2	-1182.0	-261.0	-2378.0
1326	1265	-1294	H11	-14.5	902.2	-1255.9	-261.0	-2378.0
1327	1881	-2297	H11	-208.0	1061.1	-1443.8	-261.0	-2378.0
1328	934	-1551	H11	-308.5	1000.4	-1422.3	-261.0	-2378.0
1329	-197	-182	H11	-189.5	801.0	-1208.3	-261.0	-2378.0
1330	410	-367	H11	21.5	782.9	-1103.5	-261.0	-2378.0
1331	1640	-1447	H11	96.5	973.0	-1238.0	-261.0	-2378.0
1332	1715	-1398	H11	158.5	1090.2	-1300.3	-261.0	-2378.0
1333	547	-206	H11	170.5	976.5	-1117.9	-261.0	-2378.0
1336	2009	-769	H11	620.0	1040.2	-1016.6	-261.0	-2322.0
1341	2183	-112	H11	1035.5	1238.7	-962.3	-261.0	-2322.0
1401	1690	-195	H11	747.5	1281.2	-852.4	-261.0	-2322.0
1405	1997	-1198	H11	399.5	1292.8	-742.5	-261.0	-2322.0
1406	1153	-838	H11	157.5	1314.7	-671.2	-261.0	-2322.0
1409	1594	-1120	H11	237.0	1493.8	-765.0	-261.0	-2297.0
1410	1835	-1680	H11	77.5	1636.3	-896.3	-261.0	-2297.0
1411	572	-772	H11	-100.0	1529.5	-828.8	-197.0	-2297.0
1413	710	-439	H11	135.5	1429.0	-732.9	-197.0	-2297.0
1414	1841	-1739	H11	51.0	1558.4	-886.2	-197.0	-2297.0
1415	1340	-1323	H11	8.5	1491.5	-941.6	-197.0	-2297.0
1416	110	-89	H11	10.5	1284.2	-939.3	-197.0	-2297.0
1418	1450	-973	H11	238.5	1260.2	-1017.1	-197.0	-2297.0
1419	1969	-1866	H11	51.5	1257.4	-1083.9	-197.0	-1866.0
1420	854	-1142	H11	-144.0	1227.5	-1114.3	-197.0	-1866.0
1422	456	-319	H11	68.5	1113.7	-1034.2	110.0	-1866.0
1423	1732	-1744	H11	-6.0	1103.4	-1040.6	110.0	-1866.0
1424	1596	-1846	H11	-125.0	1205.8	-1148.0	110.0	-1866.0
1425	369	-824	H11	-227.5	1171.7	-1186.5	110.0	-1866.0
1427	1068	-1159	H11	-45.5	1094.4	-1128.5	110.0	-1866.0
1428	1909	-2403	H11	-247.0	1151.3	-1236.5	110.0	-2403.0
1429	1134	-1885	H11	-375.5	1253.7	-1416.1	110.0	-2403.0
1430	-76	-591	H11	-333.5	1101.1	-1377.9	-76.0	-2403.0
1431	400	-546	H11	-73.0	944.2	-1245.9	-76.0	-2403.0
1432	1656	-1919	H11	-131.5	1024.4	-1323.6	-76.0	-2403.0
1433	1890	-2414	H11	-262.0	1167.8	-1533.1	-76.0	-2414.0
1434	647	-1483	H11	-418.0	1059.3	-1507.0	-76.0	-2414.0
1435	-137	-167	H11	-152.0	886.0	-1339.1	-137.0	-2414.0
1436	726	-926	H11	-100.0	921.7	-1349.3	-137.0	-2414.0
1437	1901	-2208	H11	-153.5	1005.0	-1454.2	-137.0	-2414.0
1438	1541	-1908	H11	-183.5	968.2	-1404.7	-137.0	-2414.0
1439	365	-737	H11	-186.0	891.3	-1289.9	-137.0	-2414.0
1440	365	-140	H11	112.5	935.4	-1244.8	-137.0	-2414.0
1441	1454	-1376	H11	39.0	1040.8	-1327.8	-137.0	-2414.0
1442	2012	-2328	H11	-158.0	1076.4	-1368.7	-137.0	-2414.0
1443	1053	-1660	H11	-303.5	992.7	-1293.3	-137.0	-2414.0
1444	-21	-396	H11	-208.5	925.9	-1184.6	-137.0	-2414.0
1445	538	-701	H11	-81.5	993.4	-1238.0	-137.0	-2414.0
1446	1709	-1990	H11	-140.5	1091.7	-1344.4	-137.0	-2414.0
1447	1709	-2204	H11	-247.5	1072.5	-1344.0	-137.0	-2414.0
1448	542	-1228	H11	-343.0	972.6	-1276.0	-137.0	-2414.0
1449	-23	-176	H11	-99.5	933.8	-1219.9	-137.0	-2414.0
1450	911	-1125	H11	-107.0	988.4	-1318.4	-137.0	-2414.0
1451	1899	-2365	H11	-233.0	1032.9	-1417.3	-137.0	-2414.0
1452	1368	-1913	H11	-272.5	968.5	-1375.8	-137.0	-2414.0
1453	200	-670	H11	-235.0	883.2	-1276.8	-137.0	-2365.0
1454	430	-258	H11	86.0	928.3	-1263.0	-137.0	-2365.0
1455	1587	-1558	H11	14.5	1033.2	-1348.7	-23.0	-2365.0
1456	1992	-2289	H11	-148.5	1061.5	-1378.6	-23.0	-2365.0
1457	864	-1484	H11	-310.0	977.0	-1306.6	-23.0	-2365.0
1458	-172	-165	H11	-168.5	905.6	-1200.3	-172.0	-2365.0
1459	552	-662	H11	-55.0	963.1	-1248.9	-172.0	-2365.0
1460	1720	-1971	H11	-125.5	1044.0	-1333.5	-172.0	-2365.0
1461	1592	-1954	H11	-181.0	1013.3	-1292.4	-172.0	-2365.0
1462	413	-896	H11	-241.5	917.8	-1190.7	-172.0	-2365.0
1464	1145	-1252	H11	-53.5	1012.3	-1248.9	-172.0	-2365.0
1465	1942	-2417	H11	-237.5	1163.5	-1464.8	-172.0	-2417.0
1466	1185	-1872	H11	-343.5	1123.3	-1496.2	-172.0	-2417.0
1467	1	-584	H11	-291.5	924.2	-1325.7	-172.0	-2417.0
1468	481	-559	H11	-39.0	885.9	-1233.2	-172.0	-2417.0
1469	1739	-1941	H11	-101.0	1077.0	-1410.8	-172.0	-2417.0
1470	1961	-2449	H11	-244.0	1217.9	-1589.5	-172.0	-2449.0
1471	729	-1502	H11	-386.5	1118.8	-1542.6	-172.0	-2449.0
1472	-91	-187	H11	-139.0	950.5	-1365.9	-172.0	-2449.0
1473	822	-971	H11	-74.5	991.4	-1373.4	-172.0	-2449.0
1474	1982	-2308	H11	-163.0	1075.1	-1479.0	-172.0	-2449.0
1475	1588	-2003	H11	-207.5	1039.7	-1437.6	-172.0	-2449.0
1476	346	-766	H11	-210.0	955.8	-1327.0	-172.0	-2449.0
1477	355	-148	H11	103.5	991.2	-1283.4	-172.0	-2449.0
1478	1500	-1432	H11	34.0	1093.1	-1370.7	-172.0	-2449.0
1479	2036	-2371	H11	-167.5	1122.8	-1413.7	-91.0	-2449.0
1480	1032	-1651	H11	-309.5	1029.9	-1333.9	-91.0	-2449.0
1481	-99	-351	H11	-225.0	947.1	-1218.8	-99.0	-2449.0
1482	515	-713	H11	-99.0	1007.7	-1271.4	-99.0	-2449.0
1483	1700	-2034	H11	-167.0	1095.5	-1377.7	-99.0	-2449.0
1484	1700	-2190	H11	-245.0	1067.3	-1365.9	-99.0	-2449.0
1485	512	-1177	H11	-332.5	959.7	-1283.3	-99.0	-2449.0
1486	11	-180	H11	-84.5	926.2	-1224.7	-99.0	-2449.0
1487	970	-1202	H11	-116.0	987.7	-1330.1	-99.0	-2449.0
1488	1908	-2431	H11	-261.5	1028.5	-1430.0	-99.0	-2449.0
1489	1306	-1953	H11	-323.5	955.5	-1388.2	-99.0	-2449.0
1490	127	-688	H11	-280.5	865.0	-1291.9	-99.0	-2431.0
1491	442	-318	H11	62.0	919.1	-1288.6	-99.0	-2431.0
1492	1634	-1630	H11	2.0	1031.0	-1380.3	-99.0	-2431.0
1493	1993	-2287	H11	-147.0	1060.3	-1405.6	-99.0	-2431.0
1494	806	-1447	H11	-320.5	970.9	-1331.3	-99.0	-2431.0
1495	-178	-115	H11	-146.5	901.9	-1225.1	-178.0	-2431.0
1496	579	-677	H11	-49.0	958.7	-1274.8	-178.0	-2431.0
1497	1757	-1969	H11	-106.0	1037.4	-1351.5	-178.0	-2431.0
1498	1575	-1879	H11	-152.0	1004.1	-1296.3	-178.0	-2431.0
1499	411	-770	H11	-179.5	914.6	-1178.0	-178.0	-2431.0
1501	1246	-1251	H11	-2.5	1026.5	-1234.3	-178.0	-2431.0
1502	1971	-2384	H11	-206.5	1179.4	-1440.9	-178.0	-2431.0
1503	1161	-1805	H11	-322.0	1132.1	-1458.4	-178.0	-2431.0
1504	-14	-524	H11	-269.0	931.4	-1282.1	-178.0	-2431.0
1505	487	-598	H11	-55.5	899.5	-1197.2	-178.0	-2431.0
1506	1704	-1948	H11	-122.0	1087.7	-1380.5	-178.0	-2431.0
1507	1870	-2390	H11	-260.0	1216.8	-1551.8	-178.0	-2431.0
1508	648	-1440	H11	-396.0	1105.9	-1498.9	-178.0	-2431.0
1509	-118	-208	H11	-163.0	936.6	-1331.8	-178.0	-2390.0
1510	772	-1007	H11	-117.5	972.7	-1355.5	-178.0	-2390.0
1511	1877	-2264	H11	-193.5	1035.8	-1456.8	-178.0	-2390.0
1512	1489	-1921	H11	-216.0	987.6	-1410.5	-178.0	-2390.0
1513	303	-756	H11	-226.5	901.8	-1305.6	-178.0	-2390.0
1514	347	-188	H11	79.5	937.9	-1272.0	-178.0	-2390.0
1515	1473	-1432	H11	20.5	1036.5	-1355.4	-178.0	-2390.0
1516	1998	-2334	H11	-168.0	1065.9	-1394.0	-118.0	-2390.0
1517	1025	-1636	H11	-305.5	981.4	-1318.6	-118.0	-2390.0
1518	-56	-369	H11	-212.5	911.0	-1211.5	-118.0	-2390.0
1519	541	-717	H11	-88.0	976.9	-1262.4	-118.0	-2390.0
1520	1711	-2003	H11	-146.0	1070.8	-1362.0	-118.0	-2390.0
1521	1711	-2175	H11	-232.0	1054.2	-1353.1	-118.0	-2390.0
1522	534	-1192	H11	-329.0	958.7	-1280.2	-118.0	-2390.0
1523	25	-174	H11	-74.5	930.9	-1222.0	-118.0	-2390.0
1524	974	-1176	H11	-101.0	993.6	-1320.8	-118.0	-2390.0
1525	1911	-2362	H11	-225.5	1037.4	-1413.8	-118.0	-2390.0
1526	1351	-1784	H11	-216.5	972.7	-1358.8	-118.0	-2390.0
1527	201	-443	H11	-121.0	890.3	-1239.5	-118.0	-2362.0
1529	1646	-1076	H11	285.0	1060.5	-1310.2	-118.0	-2362.0
1530	2006	-1431	H11	287.5	1207.0	-1381.6	-56.0	-2362.0
1531	867	-335	H11	266.0	1122.6	-1214.8	-56.0	-2362.0
1534	1840	-278	H11	781.0	1135.5	-1025.1	-56.0	-2362.0
