	X	Y	Label	meanY	avgX	avgY	minX	minY
1	1973	-111	H10	931.0				
15	2121	-134	H10	993.5				
24	2007	-122	H10	942.5				
93	2097	-111	H10	993.0				
98	1652	-153	H10	749.5				
102	1898	-811	H10	543.5				
103	1140	-413	H10	363.5				
106	1577	-588	H10	494.5				
107	1925	-1349	H10	288.0				
108	633	-577	H10	28.0	1702.3	-436.9		
110	641	-193	H10	224.0	1569.1	-445.1		
111	1904	-1727	H10	88.5	1547.4	-604.4		
112	1439	-1608	H10	-84.5	1490.6	-753.0		
113	110	-498	H10	-194.0	1291.9	-791.7		
115	1273	-1383	H10	-55.0	1254.0	-914.7		
116	1839	-2369	H10	-265.0	1248.1	-1070.5		
117	722	-1645	H10	-461.5	1206.3	-1193.7		
118	-518	-278	H10	-398.0	996.8	-1162.7		
119	103	-745	H10	-321.0	814.6	-1102.3		
120	1379	-2151	H10	-386.0	889.2	-1259.7	-518.0	-2369.0
121	1245	-2240	H10	-497.5	949.6	-1464.4	-518.0	-2369.0
122	-52	-1144	H10	-598.0	754.0	-1406.1	-518.0	-2369.0
123	-505	-160	H10	-332.5	559.6	-1261.3	-518.0	-2369.0
124	544	-1288	H10	-372.0	603.0	-1340.3	-518.0	-2369.0
125	1426	-2471	H10	-522.5	618.3	-1449.1	-518.0	-2471.0
126	693	-1971	H10	-639.0	503.7	-1409.3	-518.0	-2471.0
127	-551	-675	H10	-613.0	376.4	-1312.3	-551.0	-2471.0
128	-105	-488	H10	-296.5	417.7	-1333.3	-551.0	-2471.0
129	1141	-1796	H10	-327.5	521.5	-1438.4	-551.0	-2471.0
130	1410	-2343	H10	-466.5	524.6	-1457.6	-551.0	-2471.0
131	220	-1469	H10	-624.5	422.1	-1380.5	-551.0	-2471.0
132	-628	-154	H10	-391.0	364.5	-1281.5	-628.0	-2471.0
133	181	-818	H10	-318.5	433.1	-1347.3	-628.0	-2471.0
134	1384	-2109	H10	-362.5	517.1	-1429.4	-628.0	-2471.0
135	1071	-1918	H10	-423.5	481.6	-1374.1	-628.0	-2471.0
136	-152	-774	H10	-463.0	397.1	-1254.4	-628.0	-2471.0
137	-250	-93	H10	-171.5	427.2	-1196.2	-628.0	-2471.0
138	859	-1337	H10	-239.0	523.6	-1281.1	-628.0	-2471.0
139	1534	-2398	H10	-432.0	562.9	-1341.3	-628.0	-2471.0
140	599	-1762	H10	-581.5	481.8	-1283.2	-628.0	-2471.0
141	-585	-455	H10	-520.0	401.3	-1181.8	-628.0	-2471.0
142	-52	-684	H10	-368.0	458.9	-1234.8	-628.0	-2471.0
143	1232	-2025	H10	-396.5	564.0	-1355.5	-628.0	-2471.0
144	1319	-2346	H10	-513.5	557.5	-1379.2	-628.0	-2471.0
145	98	-1378	H10	-640.0	460.2	-1325.2	-628.0	-2398.0
146	-545	-233	H10	-389.0	420.9	-1271.1	-628.0	-2398.0
147	421	-1127	H10	-353.0	488.0	-1374.5	-628.0	-2398.0
148	1510	-2403	H10	-446.5	553.1	-1481.1	-628.0	-2403.0
149	999	-1991	H10	-496.0	499.6	-1440.4	-628.0	-2403.0
150	-220	-765	H10	-492.5	417.7	-1340.7	-628.0	-2403.0
151	-48	-303	H10	-175.5	471.4	-1325.5	-628.0	-2403.0
152	1167	-1589	H10	-211.0	593.3	-1416.0	-585.0	-2403.0
153	1612	-2380	H10	-384.0	631.3	-1451.5	-585.0	-2403.0
154	494	-1609	H10	-557.5	548.8	-1377.8	-585.0	-2403.0
155	-604	-293	H10	-448.5	478.6	-1269.3	-604.0	-2403.0
156	87	-744	H10	-328.5	541.8	-1320.4	-604.0	-2403.0
157	1327	-2069	H10	-371.0	632.4	-1414.6	-604.0	-2403.0
158	1200	-2119	H10	-459.5	601.4	-1386.2	-604.0	-2403.0
159	-56	-1030	H10	-543.0	495.9	-1290.1	-604.0	-2403.0
160	-450	-114	H10	-282.0	472.9	-1225.0	-604.0	-2403.0
161	588	-1240	H10	-326.0	536.5	-1318.7	-604.0	-2403.0
162	1451	-2408	H10	-478.5	564.9	-1400.6	-604.0	-2408.0
163	732	-1913	H10	-590.5	476.9	-1353.9	-604.0	-2408.0
164	-504	-635	H10	-569.5	377.1	-1256.5	-604.0	-2408.0
165	-84	-427	H10	-255.5	429.1	-1269.9	-604.0	-2408.0
166	1150	-1742	H10	-296.0	535.4	-1369.7	-604.0	-2408.0
167	1404	-2293	H10	-444.5	543.1	-1392.1	-604.0	-2408.0
168	204	-1427	H10	-611.5	443.5	-1322.9	-604.0	-2408.0
169	-650	-133	H10	-391.5	384.1	-1233.2	-650.0	-2408.0
170	165	-786	H10	-310.5	445.6	-1300.4	-650.0	-2408.0
171	1357	-2075	H10	-359.0	522.5	-1383.9	-650.0	-2408.0
172	1048	-1894	H10	-423.0	482.2	-1332.5	-650.0	-2408.0
173	-187	-723	H10	-455.0	390.3	-1213.5	-650.0	-2408.0
175	835	-1301	H10	-233.0	524.2	-1280.1	-650.0	-2408.0
176	1506	-2373	H10	-433.5	683.2	-1474.7	-650.0	-2408.0
177	569	-1744	H10	-587.5	625.1	-1474.9	-650.0	-2408.0
178	-611	-419	H10	-515.0	423.6	-1287.5	-650.0	-2408.0
179	-39	-640	H10	-339.5	399.3	-1208.8	-650.0	-2408.0
180	1230	-2001	H10	-385.5	587.3	-1395.6	-650.0	-2408.0
181	1336	-2309	H10	-486.5	704.4	-1547.9	-650.0	-2408.0
182	85	-1315	H10	-615.0	577.2	-1471.9	-650.0	-2408.0
183	-554	-185	H10	-369.5	417.0	-1301.0	-650.0	-2373.0
184	432	-1114	H10	-341.0	478.9	-1340.1	-650.0	-2373.0
185	1513	-2418	H10	-452.5	546.7	-1451.8	-650.0	-2418.0
186	972	-1984	H10	-506.0	493.3	-1412.9	-650.0	-2418.0
187	-290	-719	H10	-504.5	407.4	-1310.4	-650.0	-2418.0
188	-102	-266	H10	-184.0	458.3	-1295.1	-650.0	-2418.0
189	1098	-1580	H10	-241.0	572.0	-1389.1	-650.0	-2418.0
190	1560	-2348	H10	-394.0	605.0	-1423.8	-611.0	-2418.0
191	412	-1570	H10	-579.0	512.6	-1349.9	-611.0	-2418.0
192	-683	-248	H10	-465.5	435.8	-1243.2	-683.0	-2418.0
193	10	-724	H10	-357.0	492.2	-1297.1	-683.0	-2418.0
194	1232	-2042	H10	-405.0	572.2	-1389.9	-683.0	-2418.0
195	1085	-2056	H10	-485.5	529.4	-1353.7	-683.0	-2418.0
196	-150	-986	H10	-568.0	417.2	-1253.9	-683.0	-2418.0
197	-481	-109	H10	-295.0	398.1	-1192.9	-683.0	-2418.0
198	543	-1257	H10	-357.0	462.6	-1292.0	-683.0	-2418.0
199	1393	-2422	H10	-514.5	492.1	-1376.2	-683.0	-2422.0
200	650	-1917	H10	-633.5	401.1	-1333.1	-683.0	-2422.0
201	-518	-612	H10	-565.0	308.1	-1237.3	-683.0	-2422.0
202	31	-402	H10	-185.5	379.5	-1252.7	-683.0	-2422.0
203	1277	-1462	H10	-92.5	506.2	-1326.5	-683.0	-2422.0
204	1535	-1659	H10	-62.0	536.5	-1288.2	-683.0	-2422.0
205	415	-527	H10	-56.0	469.5	-1135.3	-683.0	-2422.0
208	1802	-629	H10	586.5	664.7	-1099.6	-683.0	-2422.0
264	1653	-148	H10	752.5	878.1	-1103.5	-683.0	-2422.0
268	1940	-1009	H10	465.5	1017.8	-1078.7	-683.0	-2422.0
269	1201	-686	H10	257.5	998.6	-905.1	-683.0	-2422.0
272	1616	-975	H10	320.5	1095.2	-810.9	-683.0	-2422.0
273	1956	-1753	H10	101.5	1342.6	-925.0	-683.0	-2422.0
274	672	-956	H10	-142.0	1406.7	-980.4	-518.0	-2422.0
276	632	-533	H10	49.5	1342.2	-887.5	-518.0	-2422.0
277	1858	-2001	H10	-71.5	1374.5	-921.7	-518.0	-2422.0
278	1413	-1812	H10	-199.5	1474.3	-1050.2	-518.0	-2422.0
279	78	-678	H10	-300.0	1301.9	-1055.1	-518.0	-2422.0
281	1216	-1485	H10	-134.5	1258.2	-1188.8	-518.0	-2422.0
282	1787	-2442	H10	-327.5	1242.9	-1332.1	-518.0	-2442.0
283	689	-1704	H10	-507.5	1191.7	-1433.9	-518.0	-2442.0
284	-551	-331	H10	-441.0	975.0	-1369.5	-551.0	-2442.0
285	51	-751	H10	-350.0	784.5	-1269.3	-551.0	-2442.0
286	1326	-2134	H10	-404.0	849.9	-1387.1	-551.0	-2442.0
287	1226	-2246	H10	-510.0	909.3	-1558.4	-551.0	-2442.0
288	-72	-1163	H10	-617.5	716.3	-1474.6	-551.0	-2442.0
289	-578	-145	H10	-361.5	517.2	-1307.9	-578.0	-2442.0
290	466	-1233	H10	-383.5	556.0	-1363.4	-578.0	-2442.0
291	1355	-2410	H10	-527.5	569.9	-1455.9	-578.0	-2442.0
292	664	-1930	H10	-633.0	457.6	-1404.7	-578.0	-2442.0
293	-558	-660	H10	-609.0	332.9	-1300.3	-578.0	-2442.0
294	-154	-423	H10	-288.5	372.6	-1309.5	-578.0	-2442.0
295	1070	-1729	H10	-329.5	474.5	-1407.3	-578.0	-2442.0
296	1376	-2322	H10	-473.0	479.5	-1426.1	-578.0	-2442.0
297	202	-1482	H10	-640.0	377.1	-1349.7	-578.0	-2442.0
298	-708	-186	H10	-447.0	313.5	-1252.0	-708.0	-2442.0
299	74	-781	H10	-353.5	378.7	-1315.6	-708.0	-2442.0
300	1290	-2075	H10	-392.5	461.1	-1399.8	-708.0	-2442.0
301	1015	-1934	H10	-459.5	427.1	-1352.2	-708.0	-2442.0
302	-218	-793	H10	-505.5	338.9	-1238.5	-708.0	-2410.0
304	702	-1299	H10	-298.5	464.9	-1302.4	-708.0	-2410.0
305	1418	-2412	H10	-497.0	622.1	-1501.3	-708.0	-2412.0
306	534	-1815	H10	-640.5	568.5	-1509.9	-708.0	-2412.0
307	-688	-511	H10	-599.5	362.1	-1328.8	-708.0	-2412.0
308	-125	-635	H10	-380.0	329.4	-1244.1	-708.0	-2412.0
309	1158	-1983	H10	-412.5	516.0	-1423.8	-708.0	-2412.0
310	1279	-2361	H10	-541.0	636.5	-1581.8	-708.0	-2412.0
311	53	-1400	H10	-673.5	512.8	-1514.3	-708.0	-2412.0
312	-638	-220	H10	-429.0	347.5	-1342.9	-708.0	-2412.0
313	328	-1082	H10	-377.0	402.1	-1371.8	-708.0	-2412.0
314	1469	-2400	H10	-465.5	478.8	-1481.9	-708.0	-2412.0
315	992	-2013	H10	-510.5	436.2	-1442.0	-708.0	-2412.0
316	-253	-783	H10	-518.0	357.5	-1338.8	-708.0	-2412.0
317	-141	-270	H10	-205.5	412.2	-1314.7	-708.0	-2412.0
318	1029	-1555	H10	-263.0	527.6	-1406.7	-708.0	-2412.0
319	1542	-2431	H10	-444.5	566.0	-1451.5	-688.0	-2431.0
320	452	-1688	H10	-618.0	483.3	-1384.2	-688.0	-2431.0
321	-664	-393	H10	-528.5	411.6	-1283.5	-688.0	-2431.0
322	-17	-783	H10	-400.0	473.7	-1339.8	-688.0	-2431.0
323	1183	-2077	H10	-447.0	559.2	-1439.3	-688.0	-2431.0
324	1117	-2170	H10	-526.5	524.0	-1416.3	-688.0	-2431.0
325	-112	-1134	H10	-623.0	413.6	-1328.4	-688.0	-2431.0
326	-579	-178	H10	-378.5	381.0	-1267.9	-688.0	-2431.0
327	424	-1213	H10	-394.5	437.5	-1362.2	-664.0	-2431.0
328	1344	-2408	H10	-532.0	469.0	-1447.5	-664.0	-2431.0
329	692	-1937	H10	-622.5	384.0	-1398.1	-664.0	-2431.0
330	-517	-678	H10	-597.5	287.1	-1297.1	-664.0	-2431.0
331	-166	-372	H10	-269.0	336.9	-1295.0	-664.0	-2431.0
332	1054	-1674	H10	-310.0	444.0	-1384.1	-664.0	-2431.0
333	1388	-2295	H10	-453.5	464.5	-1405.9	-664.0	-2431.0
334	198	-1462	H10	-632.0	372.6	-1335.1	-664.0	-2431.0
335	-758	-152	H10	-455.0	308.0	-1236.9	-758.0	-2431.0
336	30	-738	H10	-354.0	368.9	-1292.9	-758.0	-2431.0
337	1279	-2078	H10	-399.5	454.4	-1379.4	-758.0	-2431.0
338	1012	-1957	H10	-472.5	421.2	-1334.3	-758.0	-2431.0
339	-239	-803	H10	-521.0	328.1	-1220.9	-758.0	-2408.0
341	673	-1302	H10	-314.5	447.1	-1283.3	-758.0	-2408.0
342	1421	-2437	H10	-508.0	605.8	-1489.8	-758.0	-2437.0
343	528	-1845	H10	-658.5	553.2	-1506.9	-758.0	-2437.0
344	-715	-514	H10	-614.5	342.9	-1328.8	-758.0	-2437.0
345	-160	-619	H10	-389.5	307.1	-1244.5	-758.0	-2437.0
346	1137	-1974	H10	-418.5	496.6	-1426.7	-758.0	-2437.0
347	1269	-2358	H10	-544.5	620.5	-1588.7	-758.0	-2437.0
348	46	-1421	H10	-687.5	497.2	-1523.0	-758.0	-2437.0
349	-669	-225	H10	-447.0	329.1	-1349.8	-758.0	-2437.0
350	277	-1071	H10	-397.0	380.7	-1376.6	-758.0	-2437.0
351	1435	-2376	H10	-470.5	456.9	-1484.0	-758.0	-2437.0
352	972	-2011	H10	-519.5	412.0	-1441.4	-758.0	-2437.0
353	-255	-803	H10	-529.0	333.7	-1337.2	-758.0	-2437.0
354	-134	-290	H10	-212.0	391.8	-1314.8	-758.0	-2437.0
355	1033	-1557	H10	-262.0	511.1	-1408.6	-758.0	-2437.0
356	1545	-2435	H10	-445.0	551.9	-1454.7	-715.0	-2437.0
357	490	-1718	H10	-614.0	474.0	-1390.7	-715.0	-2437.0
358	-620	-427	H10	-523.5	407.4	-1291.3	-715.0	-2437.0
359	0	-798	H10	-399.0	474.3	-1348.6	-715.0	-2437.0
360	1230	-2115	H10	-442.5	569.6	-1453.0	-715.0	-2437.0
361	1153	-2219	H10	-533.0	541.4	-1437.3	-715.0	-2437.0
362	-90	-1164	H10	-627.0	435.2	-1352.6	-715.0	-2435.0
363	-546	-186	H10	-366.0	406.1	-1290.9	-715.0	-2435.0
364	471	-1248	H10	-388.5	466.6	-1386.7	-669.0	-2435.0
365	1411	-2457	H10	-523.0	504.4	-1476.7	-669.0	-2457.0
366	741	-1970	H10	-614.5	424.0	-1430.2	-669.0	-2457.0
367	-511	-684	H10	-597.5	323.9	-1326.8	-669.0	-2457.0
368	-172	-367	H10	-269.5	368.7	-1320.8	-669.0	-2457.0
369	1086	-1704	H10	-309.0	477.3	-1411.4	-620.0	-2457.0
370	1404	-2320	H10	-458.0	494.7	-1431.9	-620.0	-2457.0
371	209	-1483	H10	-637.0	400.3	-1358.3	-620.0	-2457.0
372	-741	-179	H10	-460.0	335.2	-1259.8	-741.0	-2457.0
373	26	-757	H10	-365.5	392.4	-1316.9	-741.0	-2457.0
374	1251	-2059	H10	-404.0	470.4	-1398.0	-741.0	-2457.0
375	983	-1943	H10	-480.0	427.6	-1346.6	-741.0	-2457.0
376	-252	-801	H10	-526.5	328.3	-1229.7	-741.0	-2457.0
378	715	-1271	H10	-278.0	450.9	-1288.4	-741.0	-2457.0
379	1457	-2222	H10	-382.5	613.8	-1473.9	-741.0	-2457.0
380	639	-1371	H10	-366.0	569.1	-1440.6	-741.0	-2457.0
383	1545	-1041	H10	252.0	583.2	-1312.7	-741.0	-2457.0
384	1680	-1028	H10	326.0	730.3	-1267.2	-741.0	-2457.0
388	2082	-291	H10	895.5	1012.6	-1278.4	-741.0	-2457.0
402	2015	-116	H10	949.5	1211.5	-1214.3	-741.0	-2457.0
411	2003	-107	H10	948.0	1286.7	-1019.1	-741.0	-2457.0
425	1975	-90	H10	942.5	1385.9	-833.8	-741.0	-2320.0
434	2049	-358	H10	845.5	1616.0	-789.5	-741.0	-2320.0
435	1433	-95	H10	669.0	1687.8	-671.9	-741.0	-2320.0
438	1602	-265	H10	668.5	1702.3	-476.2	-741.0	-2320.0
439	2088	-1357	H10	365.5	1847.2	-474.8	-741.0	-2320.0
440	829	-791	H10	19.0	1775.6	-449.8	-741.0	-2222.0
442	529	-208	H10	160.5	1660.5	-367.8	-741.0	-2222.0
443	1834	-1777	H10	28.5	1635.7	-516.4	-252.0	-2222.0
444	1528	-1820	H10	-146.0	1587.0	-686.8	-252.0	-2222.0
445	213	-737	H10	-262.0	1408.0	-749.8	-252.0	-2222.0
447	1119	-1367	H10	-124.0	1322.4	-877.5	-252.0	-2222.0
448	1827	-2484	H10	-328.5	1300.2	-1090.1	213.0	-2484.0
449	833	-1811	H10	-489.0	1240.2	-1261.7	213.0	-2484.0
450	-475	-408	H10	-441.5	1032.5	-1276.0	-475.0	-2484.0
451	62	-694	H10	-316.0	829.9	-1209.7	-475.0	-2484.0
452	1361	-2112	H10	-375.5	883.1	-1341.8	-475.0	-2484.0
453	1430	-2379	H10	-474.5	973.2	-1558.9	-475.0	-2484.0
454	93	-1321	H10	-614.0	799.1	-1513.3	-475.0	-2484.0
455	-563	-177	H10	-370.0	590.0	-1349.0	-563.0	-2484.0
456	446	-1190	H10	-372.0	613.3	-1394.3	-563.0	-2484.0
457	1469	-2466	H10	-498.5	648.3	-1504.2	-563.0	-2484.0
458	835	-1988	H10	-576.5	549.1	-1454.6	-563.0	-2484.0
459	-438	-698	H10	-568.0	422.0	-1343.3	-563.0	-2484.0
460	-146	-298	H10	-222.0	454.9	-1332.3	-563.0	-2484.0
461	1075	-1626	H10	-275.5	556.2	-1425.5	-563.0	-2484.0
462	1472	-2310	H10	-419.0	567.3	-1445.3	-563.0	-2484.0
463	272	-1491	H10	-609.5	451.5	-1356.5	-563.0	-2484.0
464	-748	-191	H10	-469.5	367.4	-1243.5	-748.0	-2484.0
465	-12	-720	H10	-366.0	422.5	-1297.8	-748.0	-2484.0
466	1213	-2014	H10	-400.5	499.2	-1380.2	-748.0	-2484.0
467	1002	-1931	H10	-464.5	452.5	-1326.7	-748.0	-2484.0
468	-239	-812	H10	-525.5	345.1	-1209.1	-748.0	-2466.0
470	629	-1239	H10	-305.0	451.8	-1263.2	-748.0	-2466.0
471	1425	-2401	H10	-488.0	608.9	-1473.5	-748.0	-2466.0
472	567	-1843	H10	-638.0	558.1	-1495.2	-748.0	-2466.0
473	-669	-521	H10	-595.0	344.0	-1316.3	-748.0	-2466.0
474	-149	-520	H10	-334.5	301.9	-1219.2	-748.0	-2466.0
475	1145	-1885	H10	-370.0	491.2	-1388.6	-748.0	-2466.0
476	1334	-2332	H10	-499.0	625.8	-1549.8	-748.0	-2466.0
477	96	-1408	H10	-656.0	514.1	-1489.2	-748.0	-2466.0
478	-656	-176	H10	-416.0	348.3	-1313.7	-748.0	-2401.0
479	238	-967	H10	-364.5	396.0	-1329.2	-748.0	-2401.0
480	1411	-2274	H10	-431.5	474.2	-1432.7	-748.0	-2401.0
481	979	-1929	H10	-475.0	429.6	-1385.5	-748.0	-2401.0
482	-269	-697	H10	-483.0	346.0	-1270.9	-748.0	-2401.0
483	-224	-147	H10	-185.5	390.5	-1233.5	-748.0	-2401.0
484	965	-1440	H10	-237.5	501.9	-1325.5	-748.0	-2401.0
485	1522	-2361	H10	-419.5	539.6	-1373.1	-669.0	-2401.0
486	447	-1636	H10	-594.5	450.9	-1303.5	-669.0	-2401.0
487	-713	-287	H10	-500.0	370.0	-1191.4	-713.0	-2401.0
488	-66	-669	H10	-367.5	429.0	-1240.7	-713.0	-2401.0
489	1192	-2022	H10	-415.0	524.4	-1346.2	-713.0	-2401.0
490	1143	-2168	H10	-512.5	497.6	-1335.6	-713.0	-2401.0
491	-101	-1131	H10	-616.0	389.6	-1255.8	-713.0	-2361.0
492	-585	-150	H10	-367.5	358.0	-1201.1	-713.0	-2361.0
493	416	-1165	H10	-374.5	422.0	-1302.9	-713.0	-2361.0
494	1369	-2369	H10	-500.0	462.4	-1395.8	-713.0	-2369.0
495	747	-1913	H10	-583.0	384.9	-1351.0	-713.0	-2369.0
496	-459	-666	H10	-562.5	294.3	-1254.0	-713.0	-2369.0
497	-118	-352	H10	-235.0	353.8	-1260.5	-713.0	-2369.0
498	1080	-1621	H10	-270.5	468.4	-1355.7	-713.0	-2369.0
499	1429	-2254	H10	-412.5	492.1	-1378.9	-713.0	-2369.0
500	273	-1451	H10	-589.0	405.1	-1307.2	-713.0	-2369.0
501	-718	-174	H10	-446.0	343.4	-1211.5	-718.0	-2369.0
502	26	-709	H10	-341.5	404.5	-1267.4	-718.0	-2369.0
503	1240	-2000	H10	-380.0	486.9	-1350.9	-718.0	-2369.0
504	1035	-1926	H10	-445.5	453.5	-1306.6	-718.0	-2369.0
505	-201	-803	H10	-502.0	358.7	-1195.6	-718.0	-2369.0
507	628	-1234	H10	-303.0	467.4	-1252.4	-718.0	-2369.0
508	1410	-2374	H10	-482.0	620.2	-1454.6	-718.0	-2374.0
509	560	-1802	H10	-621.0	568.2	-1472.7	-718.0	-2374.0
510	-689	-487	H10	-588.0	356.4	-1296.0	-718.0	-2374.0
511	-175	-504	H10	-339.5	311.6	-1201.3	-718.0	-2374.0
512	1094	-1854	H10	-380.0	492.8	-1369.3	-718.0	-2374.0
513	1284	-2321	H10	-518.5	618.6	-1530.5	-718.0	-2374.0
514	59	-1399	H10	-670.0	500.5	-1470.4	-718.0	-2374.0
515	-687	-165	H10	-426.0	328.3	-1294.3	-718.0	-2374.0
516	228	-944	H10	-358.0	371.2	-1308.4	-718.0	-2374.0
517	1414	-2235	H10	-410.5	449.8	-1408.5	-718.0	-2374.0
518	995	-1923	H10	-464.0	408.3	-1363.4	-718.0	-2374.0
519	-230	-723	H10	-476.5	329.3	-1255.5	-718.0	-2374.0
520	-181	-161	H10	-171.0	380.1	-1222.9	-718.0	-2374.0
521	960	-1402	H10	-221.0	493.6	-1312.7	-718.0	-2374.0
522	1536	-2342	H10	-403.0	537.8	-1361.5	-689.0	-2374.0
523	502	-1626	H10	-562.0	459.6	-1292.0	-689.0	-2374.0
524	-663	-307	H10	-485.0	387.4	-1182.8	-689.0	-2374.0
525	-70	-634	H10	-352.0	449.1	-1229.7	-689.0	-2374.0
526	1161	-1949	H10	-394.0	542.4	-1330.2	-689.0	-2374.0
527	1166	-2140	H10	-487.0	517.6	-1320.7	-689.0	-2374.0
528	-65	-1116	H10	-590.5	411.6	-1240.0	-689.0	-2342.0
529	-579	-110	H10	-344.5	376.7	-1178.7	-689.0	-2342.0
530	422	-1109	H10	-343.5	437.0	-1273.5	-687.0	-2342.0
531	1435	-2348	H10	-456.5	484.5	-1368.1	-687.0	-2348.0
532	829	-1889	H10	-530.0	413.8	-1322.8	-687.0	-2348.0
533	-388	-639	H10	-513.5	324.8	-1224.1	-687.0	-2348.0
534	-76	-287	H10	-181.5	383.5	-1222.1	-687.0	-2348.0
535	1144	-1606	H10	-231.0	504.9	-1319.3	-663.0	-2348.0
536	1521	-2288	H10	-383.5	540.9	-1353.2	-663.0	-2348.0
537	323	-1482	H10	-579.5	456.6	-1287.4	-663.0	-2348.0
538	-670	-188	H10	-429.0	396.1	-1194.6	-670.0	-2348.0
539	83	-721	H10	-319.0	462.3	-1255.7	-670.0	-2348.0
540	1304	-2040	H10	-368.0	550.5	-1348.8	-670.0	-2348.0
541	1090	-1982	H10	-446.0	516.0	-1312.2	-670.0	-2348.0
542	-154	-855	H10	-504.5	417.7	-1208.8	-670.0	-2348.0
544	667	-1267	H10	-300.0	523.2	-1271.6	-670.0	-2348.0
545	1460	-2409	H10	-474.5	676.8	-1483.8	-670.0	-2409.0
546	604	-1835	H10	-615.5	622.8	-1506.7	-670.0	-2409.0
547	-644	-503	H10	-573.5	406.3	-1328.2	-670.0	-2409.0
548	-125	-509	H10	-317.0	361.5	-1230.9	-670.0	-2409.0
549	1139	-1782	H10	-321.5	542.4	-1390.3	-670.0	-2409.0
550	1322	-2014	H10	-346.0	666.3	-1519.6	-670.0	-2409.0
551	184	-889	H10	-352.5	554.3	-1404.5	-670.0	-2409.0
553	520	-251	H10	134.5	497.3	-1231.4	-670.0	-2409.0
554	1693	-1179	H10	257.0	682.0	-1263.8	-670.0	-2409.0
555	1283	-514	H10	384.5	743.6	-1188.5	-670.0	-2409.0
559	2107	-247	H10	930.0	808.3	-972.3	-670.0	-2409.0
614	2052	-231	H10	910.5	953.1	-811.9	-670.0	-2409.0
618	1695	-303	H10	696.0	1187.0	-791.9	-670.0	-2409.0
619	1837	-904	H10	466.5	1383.2	-831.4	-670.0	-2409.0
620	545	-136	H10	204.5	1323.8	-666.8	-644.0	-2409.0
622	899	-238	H10	330.5	1281.5	-489.2	-644.0	-2409.0
623	1961	-1803	H10	79.0	1459.2	-580.6	-644.0	-2409.0
624	1303	-1540	H10	-118.5	1537.5	-709.5	-644.0	-2409.0
625	-35	-377	H10	-206.0	1364.7	-629.3	-644.0	-2409.0
627	1497	-1526	H10	-14.5	1386.1	-730.5	-644.0	-2409.0
628	1900	-2322	H10	-211.0	1365.4	-938.0	-644.0	-2322.0
629	607	-1500	H10	-446.5	1220.9	-1064.9	-644.0	-2322.0
630	-403	-139	H10	-271.0	1011.1	-1048.5	-403.0	-2322.0
631	372	-776	H10	-202.0	864.6	-1035.7	-403.0	-2322.0
632	1587	-2125	H10	-269.0	968.8	-1234.6	-403.0	-2322.0
633	1329	-2000	H10	-335.5	1011.8	-1410.8	-403.0	-2322.0
634	90	-857	H10	-383.5	824.7	-1316.2	-403.0	-2322.0
635	-83	-98	H10	-90.5	686.1	-1172.0	-403.0	-2322.0
636	1064	-1399	H10	-167.5	796.0	-1274.2	-403.0	-2322.0
637	1737	-2499	H10	-381.0	820.0	-1371.5	-403.0	-2499.0
638	812	-1864	H10	-526.0	711.2	-1325.7	-403.0	-2499.0
639	-374	-541	H10	-457.5	613.1	-1229.8	-403.0	-2499.0
640	143	-731	H10	-294.0	667.7	-1289.0	-403.0	-2499.0
641	1410	-2091	H10	-340.5	771.5	-1420.5	-403.0	-2499.0
642	1528	-2444	H10	-458.0	765.6	-1452.4	-403.0	-2499.0
643	272	-1462	H10	-595.0	659.9	-1398.6	-403.0	-2499.0
644	-417	-280	H10	-348.5	609.2	-1340.9	-417.0	-2499.0
645	505	-1151	H10	-323.0	668.0	-1446.2	-417.0	-2499.0
646	1556	-2395	H10	-419.5	717.2	-1545.8	-417.0	-2499.0
647	1099	-1997	H10	-449.0	653.4	-1495.6	-417.0	-2499.0
648	-64	-805	H10	-434.5	565.8	-1389.7	-417.0	-2499.0
649	86	-330	H10	-122.0	611.8	-1368.6	-417.0	-2499.0
650	1290	-1617	H10	-163.5	726.5	-1457.2	-417.0	-2499.0
651	1749	-2430	H10	-340.5	760.4	-1491.1	-417.0	-2499.0
652	659	-1658	H10	-499.5	673.5	-1412.5	-417.0	-2499.0
653	-445	-328	H10	-386.5	601.8	-1299.1	-445.0	-2499.0
654	245	-785	H10	-270.0	668.0	-1349.6	-445.0	-2499.0
655	1469	-2128	H10	-329.5	764.4	-1447.3	-445.0	-2499.0
656	1375	-2203	H10	-414.0	746.3	-1428.1	-445.0	-2499.0
657	127	-1126	H10	-499.5	649.1	-1341.0	-445.0	-2444.0
658	-301	-175	H10	-238.0	625.4	-1278.0	-445.0	-2444.0
659	700	-1259	H10	-279.5	686.8	-1370.9	-445.0	-2444.0
660	1569	-2435	H10	-433.0	714.7	-1452.7	-445.0	-2444.0
661	893	-1948	H10	-527.5	629.1	-1404.5	-445.0	-2444.0
662	-302	-704	H10	-503.0	533.0	-1309.1	-445.0	-2435.0
663	83	-469	H10	-193.0	585.8	-1323.2	-445.0	-2435.0
664	1298	-1752	H10	-227.0	691.1	-1419.9	-445.0	-2435.0
665	1584	-2321	H10	-368.5	702.6	-1439.2	-445.0	-2435.0
666	412	-1462	H10	-525.0	606.3	-1365.1	-445.0	-2435.0
667	-489	-159	H10	-324.0	544.7	-1268.4	-489.0	-2435.0
668	292	-784	H10	-246.0	604.0	-1329.3	-489.0	-2435.0
669	1508	-2087	H10	-289.5	684.8	-1412.1	-489.0	-2435.0
670	1247	-1937	H10	-345.0	652.6	-1362.3	-489.0	-2435.0
671	35	-788	H10	-376.5	566.8	-1246.3	-489.0	-2435.0
673	1056	-1363	H10	-153.5	702.6	-1312.2	-489.0	-2435.0
674	1738	-2466	H10	-364.0	868.1	-1511.9	-489.0	-2466.0
675	836	-1845	H10	-504.5	821.9	-1521.2	-489.0	-2466.0
676	-368	-526	H10	-447.0	626.7	-1341.7	-489.0	-2466.0
677	164	-708	H10	-272.0	601.9	-1266.3	-489.0	-2466.0
678	1426	-2073	H10	-323.5	793.4	-1457.7	-489.0	-2466.0
679	1537	-2434	H10	-448.5	917.9	-1622.7	-489.0	-2466.0
680	306	-1468	H10	-581.0	797.7	-1560.8	-489.0	-2466.0
681	-375	-294	H10	-334.5	635.5	-1396.5	-489.0	-2466.0
682	543	-1162	H10	-309.5	686.3	-1433.9	-489.0	-2466.0
683	1597	-2422	H10	-412.5	740.4	-1539.8	-489.0	-2466.0
684	1134	-2030	H10	-448.0	680.0	-1496.2	-489.0	-2466.0
685	-54	-846	H10	-450.0	591.0	-1396.3	-489.0	-2466.0
686	72	-362	H10	-145.0	635.0	-1379.9	-489.0	-2466.0
687	1241	-1626	H10	-192.5	742.7	-1471.7	-489.0	-2466.0
688	1714	-2449	H10	-367.5	771.5	-1509.3	-375.0	-2466.0
689	668	-1712	H10	-522.0	684.6	-1437.1	-375.0	-2466.0
690	-405	-414	H10	-409.5	613.5	-1331.7	-405.0	-2466.0
691	265	-833	H10	-284.0	677.5	-1385.6	-405.0	-2466.0
692	1478	-2114	H10	-318.0	771.0	-1480.8	-405.0	-2466.0
693	1413	-2066	H10	-326.5	752.6	-1445.2	-405.0	-2466.0
694	276	-895	H10	-309.5	666.8	-1331.7	-405.0	-2449.0
696	978	-787	H10	95.5	770.0	-1325.8	-405.0	-2449.0
697	1883	-1661	H10	111.0	951.1	-1455.7	-405.0	-2449.0
698	1215	-819	H10	198.0	948.5	-1375.0	-405.0	-2449.0
701	1801	-119	H10	841.0	957.2	-1142.0	-405.0	-2449.0
702	2114	-382	H10	866.0	1101.8	-1009.0	-405.0	-2449.0
757	2110	-308	H10	901.0	1353.3	-998.4	-405.0	-2449.0
761	1984	-627	H10	678.5	1525.2	-977.8	-405.0	-2449.0
762	1680	-800	H10	440.0	1545.4	-846.4	-405.0	-2449.0
765	1259	-551	H10	354.0	1530.0	-694.9	-405.0	-2449.0
766	2025	-1906	H10	59.5	1704.9	-796.0	-405.0	-2449.0
767	1043	-1397	H10	-177.0	1711.4	-857.0	-405.0	-2449.0
768	-278	-123	H10	-200.5	1495.3	-703.2	-405.0	-2449.0
769	199	-369	H10	-85.0	1393.7	-658.2	-405.0	-2449.0
770	1440	-1787	H10	-173.5	1357.6	-825.0	-405.0	-2114.0
771	1559	-2161	H10	-301.0	1302.1	-1002.9	-405.0	-2161.0
772	289	-1238	H10	-474.5	1120.0	-1095.9	-278.0	-2161.0
773	-387	-169	H10	-278.0	882.9	-1050.1	-387.0	-2161.0
774	480	-1083	H10	-301.5	762.9	-1078.4	-387.0	-2161.0
775	1504	-2322	H10	-409.0	787.4	-1255.5	-387.0	-2322.0
776	972	-1914	H10	-471.0	682.1	-1256.3	-387.0	-2322.0
777	-219	-735	H10	-477.0	555.9	-1190.1	-387.0	-2322.0
778	-28	-316	H10	-172.0	580.9	-1209.4	-387.0	-2322.0
779	1132	-1610	H10	-239.0	674.2	-1333.5	-387.0	-2322.0
780	1569	-2366	H10	-398.5	687.1	-1391.4	-387.0	-2366.0
781	420	-1570	H10	-575.0	573.2	-1332.3	-387.0	-2366.0
782	-646	-249	H10	-447.5	479.7	-1233.4	-646.0	-2366.0
783	66	-721	H10	-327.5	525.0	-1288.6	-646.0	-2366.0
784	1304	-2052	H10	-374.0	607.4	-1385.5	-646.0	-2366.0
785	1168	-2085	H10	-458.5	573.8	-1361.8	-646.0	-2366.0
786	-68	-998	H10	-533.0	469.8	-1270.2	-646.0	-2366.0
787	-409	-93	H10	-251.0	450.8	-1206.0	-646.0	-2366.0
788	699	-1275	H10	-288.0	523.5	-1301.9	-646.0	-2366.0
789	1548	-2454	H10	-453.0	565.1	-1386.3	-646.0	-2454.0
790	768	-1923	H10	-577.5	485.0	-1342.0	-646.0	-2454.0
791	-485	-623	H10	-554.0	394.5	-1247.3	-646.0	-2454.0
792	-1	-525	H10	-263.0	459.0	-1274.9	-646.0	-2454.0
793	1297	-1909	H10	-306.0	582.1	-1393.7	-646.0	-2454.0
794	1544	-2437	H10	-446.5	606.1	-1432.2	-646.0	-2454.0
795	268	-1490	H10	-611.0	516.1	-1372.7	-646.0	-2454.0
796	-572	-165	H10	-368.5	465.7	-1289.4	-646.0	-2454.0
797	297	-896	H10	-299.5	536.3	-1369.7	-646.0	-2454.0
798	1499	-2203	H10	-352.0	616.3	-1462.5	-646.0	-2454.0
799	1131	-1943	H10	-406.0	574.6	-1411.4	-646.0	-2454.0
800	-95	-753	H10	-424.0	488.3	-1294.4	-646.0	-2454.0
801	-90	-125	H10	-107.5	527.8	-1244.6	-646.0	-2454.0
802	1067	-1419	H10	-176.0	634.6	-1334.0	-572.0	-2454.0
803	1648	-2399	H10	-375.5	669.7	-1383.0	-572.0	-2454.0
804	636	-1707	H10	-535.5	578.9	-1310.0	-572.0	-2454.0
805	-519	-394	H10	-456.5	500.2	-1200.4	-572.0	-2454.0
806	87	-721	H10	-317.0	566.1	-1256.0	-572.0	-2454.0
807	1350	-2084	H10	-367.0	671.4	-1374.8	-572.0	-2454.0
808	1369	-2307	H10	-469.0	658.4	-1385.2	-572.0	-2454.0
809	115	-1283	H10	-584.0	556.8	-1319.2	-572.0	-2437.0
810	-471	-215	H10	-343.0	519.2	-1265.4	-572.0	-2437.0
811	481	-1170	H10	-344.5	576.3	-1369.9	-572.0	-2437.0
812	1480	-2405	H10	-462.5	617.6	-1468.5	-572.0	-2437.0
813	904	-1970	H10	-533.0	543.2	-1425.6	-572.0	-2437.0
814	-286	-760	H10	-523.0	451.0	-1330.9	-572.0	-2405.0
815	-25	-382	H10	-203.5	500.4	-1329.7	-572.0	-2405.0
816	1159	-1654	H10	-247.5	607.6	-1423.0	-519.0	-2405.0
817	1541	-2355	H10	-407.0	626.7	-1450.1	-519.0	-2405.0
818	402	-1577	H10	-587.5	530.0	-1377.1	-519.0	-2405.0
819	-619	-327	H10	-473.0	456.6	-1281.5	-619.0	-2405.0
820	72	-788	H10	-358.0	510.9	-1338.8	-619.0	-2405.0
821	1272	-2080	H10	-404.0	590.0	-1429.8	-619.0	-2405.0
822	1135	-2075	H10	-470.0	555.5	-1396.8	-619.0	-2405.0
823	-73	-991	H10	-532.0	457.8	-1298.9	-619.0	-2405.0
824	-388	-119	H10	-253.5	447.6	-1234.8	-619.0	-2405.0
825	672	-1289	H10	-308.5	517.3	-1325.5	-619.0	-2405.0
826	1489	-2449	H10	-480.0	550.3	-1405.0	-619.0	-2449.0
827	715	-1923	H10	-604.0	467.7	-1361.8	-619.0	-2449.0
828	-528	-621	H10	-574.5	374.7	-1266.2	-619.0	-2449.0
829	-61	-489	H10	-275.0	430.5	-1282.4	-619.0	-2449.0
830	1228	-1860	H10	-316.0	546.1	-1389.6	-619.0	-2449.0
831	1474	-2398	H10	-462.0	566.3	-1421.4	-619.0	-2449.0
832	220	-1475	H10	-627.5	474.8	-1361.4	-619.0	-2449.0
833	-601	-157	H10	-379.0	422.0	-1278.0	-619.0	-2449.0
834	252	-884	H10	-316.0	486.0	-1354.5	-619.0	-2449.0
835	1463	-2198	H10	-367.5	565.1	-1445.4	-619.0	-2449.0
836	1102	-1956	H10	-427.0	526.4	-1396.1	-619.0	-2449.0
837	-126	-768	H10	-447.0	442.3	-1280.6	-619.0	-2449.0
838	-168	-135	H10	-151.5	478.3	-1232.0	-619.0	-2449.0
839	977	-1394	H10	-208.5	582.1	-1322.5	-601.0	-2449.0
840	1588	-2407	H10	-409.5	618.1	-1377.2	-601.0	-2449.0
841	623	-1737	H10	-557.0	533.0	-1311.1	-601.0	-2449.0
842	-511	-439	H10	-475.0	459.9	-1207.5	-601.0	-2449.0
843	73	-725	H10	-326.0	527.3	-1264.3	-601.0	-2449.0
844	1319	-2048	H10	-364.5	634.0	-1380.7	-601.0	-2449.0
845	1355	-2287	H10	-466.0	623.2	-1389.6	-601.0	-2449.0
846	133	-1304	H10	-585.5	526.3	-1324.4	-601.0	-2407.0
847	-451	-224	H10	-337.5	493.8	-1270.0	-601.0	-2407.0
848	519	-1167	H10	-324.0	562.5	-1373.2	-601.0	-2407.0
849	1550	-2434	H10	-442.0	619.8	-1477.2	-601.0	-2434.0
850	999	-2000	H10	-500.5	560.9	-1436.5	-601.0	-2434.0
851	-228	-769	H10	-498.5	475.8	-1339.7	-601.0	-2434.0
852	-20	-354	H10	-187.0	524.9	-1331.2	-601.0	-2434.0
853	1147	-1652	H10	-252.5	632.3	-1423.9	-511.0	-2434.0
854	1564	-2389	H10	-412.5	656.8	-1458.0	-511.0	-2434.0
855	417	-1615	H10	-599.0	563.0	-1390.8	-511.0	-2434.0
856	-647	-302	H10	-474.5	485.0	-1290.6	-647.0	-2434.0
857	43	-783	H10	-370.0	534.4	-1346.5	-647.0	-2434.0
858	1247	-2096	H10	-424.5	607.2	-1439.4	-647.0	-2434.0
859	1087	-2093	H10	-503.0	560.9	-1405.3	-647.0	-2434.0
860	-128	-978	H10	-553.0	448.2	-1303.1	-647.0	-2434.0
861	-400	-95	H10	-247.5	431.0	-1235.7	-647.0	-2434.0
862	669	-1111	H10	-221.0	499.9	-1311.4	-647.0	-2434.0
863	1523	-1977	H10	-227.0	537.5	-1343.9	-647.0	-2434.0
864	829	-1162	H10	-166.5	464.0	-1221.2	-647.0	-2434.0
867	1544	-543	H10	500.5	576.7	-1114.0	-647.0	-2434.0
868	1796	-696	H10	550.0	821.0	-1153.4	-647.0	-2434.0
918	2063	-333	H10	865.0	1023.0	-1108.4	-647.0	-2434.0
919	1504	-132	H10	686.0	1048.7	-912.0	-647.0	-2434.0
922	1631	-211	H10	710.0	1103.1	-723.8	-647.0	-2389.0
923	2150	-1349	H10	400.5	1330.9	-760.9	-647.0	-2389.0
924	937	-813	H10	62.0	1464.6	-832.7	-647.0	-2389.0
926	594	-215	H10	189.5	1457.1	-743.1	-647.0	-2389.0
927	1902	-1787	H10	57.5	1495.0	-724.1	-647.0	-2389.0
928	1647	-1874	H10	-113.5	1576.8	-795.3	-647.0	-2096.0
929	357	-832	H10	-237.5	1458.1	-824.2	-647.0	-2096.0
931	1152	-1333	H10	-90.5	1393.7	-887.9	-400.0	-2096.0
932	1880	-2504	H10	-312.0	1375.4	-1105.0	-400.0	-2504.0
933	1004	-1920	H10	-458.0	1325.4	-1283.8	-400.0	-2504.0
934	-220	-618	H10	-419.0	1140.3	-1324.5	-400.0	-2504.0
935	225	-740	H10	-257.5	947.8	-1263.6	-400.0	-2504.0
936	1431	-2075	H10	-322.0	997.2	-1389.8	-220.0	-2504.0
937	1541	-2449	H10	-454.0	1091.9	-1613.2	-220.0	-2504.0
938	338	-1518	H10	-590.0	935.5	-1586.3	-220.0	-2504.0
939	-389	-306	H10	-347.5	731.9	-1429.5	-389.0	-2504.0
940	493	-1134	H10	-320.5	745.5	-1459.7	-389.0	-2504.0
941	1585	-2368	H10	-391.5	788.8	-1563.2	-389.0	-2504.0
942	1149	-1999	H10	-425.0	715.7	-1512.7	-389.0	-2504.0
943	-37	-824	H10	-430.5	611.6	-1403.1	-389.0	-2504.0
944	39	-293	H10	-127.0	637.5	-1370.6	-389.0	-2504.0
945	1226	-1577	H10	-175.5	737.6	-1454.3	-389.0	-2504.0
946	1745	-2445	H10	-350.0	769.0	-1491.3	-389.0	-2504.0
947	692	-1704	H10	-506.0	684.1	-1416.8	-389.0	-2504.0
948	-441	-373	H10	-407.0	606.2	-1302.3	-441.0	-2504.0
949	206	-776	H10	-285.0	665.7	-1349.3	-441.0	-2504.0
950	1455	-2103	H10	-324.0	761.9	-1446.2	-441.0	-2504.0
951	1396	-2249	H10	-426.5	743.0	-1434.3	-441.0	-2504.0
952	171	-1219	H10	-524.0	645.2	-1356.3	-441.0	-2449.0
953	-308	-212	H10	-260.0	618.1	-1295.1	-441.0	-2449.0
954	678	-1248	H10	-285.0	682.0	-1390.6	-441.0	-2449.0
955	1591	-2437	H10	-423.0	718.5	-1476.6	-441.0	-2449.0
956	957	-1969	H10	-506.0	639.7	-1429.0	-441.0	-2449.0
957	-248	-719	H10	-483.5	545.7	-1330.5	-441.0	-2445.0
958	94	-416	H10	-161.0	599.2	-1334.8	-441.0	-2445.0
959	1308	-1721	H10	-206.5	709.4	-1429.3	-441.0	-2445.0
960	1610	-2339	H10	-364.5	724.9	-1452.9	-441.0	-2445.0
961	409	-1479	H10	-535.0	626.2	-1375.9	-441.0	-2445.0
962	-542	-117	H10	-329.5	554.9	-1265.7	-542.0	-2445.0
963	257	-737	H10	-240.0	611.4	-1318.2	-542.0	-2445.0
964	1503	-2080	H10	-288.5	693.9	-1401.4	-542.0	-2445.0
965	1254	-1964	H10	-355.0	660.2	-1354.1	-542.0	-2445.0
966	22	-815	H10	-396.5	566.7	-1238.7	-542.0	-2437.0
968	954	-1339	H10	-192.5	686.9	-1300.7	-542.0	-2437.0
969	1670	-2477	H10	-403.5	844.5	-1506.8	-542.0	-2477.0
970	749	-1867	H10	-559.0	788.6	-1521.4	-542.0	-2477.0
971	-466	-545	H10	-505.5	581.0	-1342.0	-542.0	-2477.0
972	85	-713	H10	-314.0	548.6	-1265.4	-542.0	-2477.0
973	1372	-2089	H10	-358.5	740.0	-1462.6	-542.0	-2477.0
974	1501	-2453	H10	-476.0	864.4	-1634.2	-542.0	-2477.0
975	226	-1445	H10	-609.5	736.7	-1570.7	-542.0	-2477.0
976	-494	-245	H10	-369.5	561.9	-1398.8	-542.0	-2477.0
977	468	-1136	H10	-334.0	606.5	-1430.9	-542.0	-2477.0
978	1588	-2426	H10	-419.0	669.9	-1539.6	-542.0	-2477.0
979	1109	-2024	H10	-457.5	613.8	-1494.3	-542.0	-2477.0
980	-84	-805	H10	-444.5	530.5	-1388.1	-542.0	-2477.0
981	55	-302	H10	-123.5	582.6	-1363.8	-542.0	-2477.0
982	1255	-1607	H10	-176.0	699.6	-1453.2	-542.0	-2477.0
983	1710	-2414	H10	-352.0	733.4	-1485.7	-494.0	-2477.0
984	625	-1649	H10	-512.0	645.8	-1405.3	-494.0	-2477.0
985	-467	-342	H10	-404.5	576.5	-1295.0	-494.0	-2477.0
986	219	-783	H10	-282.0	647.8	-1348.8	-494.0	-2477.0
987	1429	-2102	H10	-336.5	743.9	-1445.4	-494.0	-2477.0
988	1337	-2175	H10	-419.0	718.8	-1420.3	-494.0	-2477.0
989	91	-1116	H10	-512.5	617.0	-1329.5	-494.0	-2453.0
990	-311	-171	H10	-241.0	594.3	-1266.1	-494.0	-2453.0
991	730	-1282	H10	-276.0	661.8	-1364.1	-494.0	-2453.0
992	1591	-2456	H10	-432.5	695.4	-1449.0	-494.0	-2456.0
993	888	-1954	H10	-533.0	613.2	-1403.0	-494.0	-2456.0
994	-352	-686	H10	-519.0	515.5	-1306.7	-494.0	-2456.0
995	69	-503	H10	-217.0	569.1	-1322.8	-494.0	-2456.0
996	1321	-1857	H10	-268.0	679.3	-1430.2	-467.0	-2456.0
997	1604	-2430	H10	-413.0	696.8	-1463.0	-467.0	-2456.0
998	367	-1536	H10	-584.5	599.8	-1399.1	-467.0	-2456.0
999	-510	-169	H10	-339.5	539.7	-1304.4	-510.0	-2456.0
1000	336	-864	H10	-264.0	604.4	-1373.7	-510.0	-2456.0
1001	1581	-2201	H10	-310.0	689.5	-1465.6	-510.0	-2456.0
1002	1274	-1997	H10	-361.5	657.8	-1419.7	-510.0	-2456.0
1003	102	-757	H10	-327.5	579.2	-1300.0	-510.0	-2456.0
1005	1213	-1085	H10	64.0	735.7	-1339.9	-510.0	-2456.0
1006	1862	-1771	H10	45.5	915.0	-1466.7	-510.0	-2456.0
1007	982	-840	H10	71.0	881.1	-1365.0	-510.0	-2456.0
1010	1813	-574	H10	619.5	902.0	-1179.4	-510.0	-2456.0
1011	1864	-472	H10	696.0	1051.7	-1073.0	-510.0	-2456.0
1015	2108	-90	H10	1009.0	1313.5	-1065.1	-510.0	-2456.0
1061	1980	-105	H10	937.5	1477.9	-989.2	-510.0	-2456.0
1093	2027	-89	H10	969.0	1522.5	-778.0	-510.0	-2456.0
