	X	Y	Label	meanY	avgX	avgY	minX	minY
93	2060	-190	H9	935.0				
98	2050	-456	H9	797.0				
102	2050	-790	H9	630.0				
103	1520	-605	H9	457.5				
106	1458	-443	H9	507.5				
107	2042	-1538	H9	252.0				
108	857	-877	H9	-10.0				
110	400	-98	H9	151.0				
111	1720	-1668	H9	26.0				
112	1453	-1735	H9	-141.0	1561.0	-840.0		
113	90	-626	H9	-268.0	1364.0	-883.6		
115	877	-1130	H9	-126.5	1246.7	-951.0		
116	1686	-2369	H9	-341.5	1210.3	-1108.9		
117	717	-1752	H9	-517.5	1130.0	-1223.6		
118	-678	-320	H9	-499.0	916.4	-1211.3		
119	-226	-471	H9	-348.5	689.6	-1104.6		
120	1053	-1906	H9	-426.5	709.2	-1207.5		
121	1214	-2295	H9	-540.5	790.6	-1427.2		
122	-186	-1294	H9	-740.0	600.0	-1389.8		
123	-999	-135	H9	-567.0	354.8	-1229.8	-999.0	-2369.0
124	-159	-1040	H9	-599.5	329.9	-1271.2	-999.0	-2369.0
125	969	-2336	H9	-683.5	339.1	-1391.8	-999.0	-2369.0
126	355	-1894	H9	-769.5	206.0	-1344.3	-999.0	-2369.0
127	-1007	-605	H9	-806.0	33.6	-1229.6	-1007.0	-2369.0
128	-895	-165	H9	-530.0	11.9	-1214.1	-1007.0	-2369.0
129	287	-1438	H9	-575.5	63.2	-1310.8	-1007.0	-2369.0
130	775	-2206	H9	-715.5	35.4	-1340.8	-1007.0	-2369.0
131	-471	-1400	H9	-935.5	-133.1	-1251.3	-1007.0	-2369.0
132	-1563	-93	H9	-828.0	-270.8	-1131.2	-1563.0	-2369.0
133	-871	-543	H9	-707.0	-258.0	-1172.0	-1563.0	-2369.0
134	400	-1846	H9	-723.0	-202.1	-1252.6	-1563.0	-2369.0
135	208	-1870	H9	-831.0	-278.2	-1206.0	-1563.0	-2369.0
136	-1090	-749	H9	-919.5	-422.7	-1091.5	-1563.0	-2336.0
138	-338	-1031	H9	-684.5	-355.8	-1134.1	-1563.0	-2336.0
139	610	-2204	H9	-797.0	-205.3	-1338.0	-1563.0	-2336.0
140	-233	-1665	H9	-949.0	-257.3	-1360.7	-1563.0	-2336.0
141	-1519	-349	H9	-934.0	-486.7	-1175.0	-1563.0	-2336.0
142	-1093	-206	H9	-649.5	-548.9	-1055.6	-1563.0	-2336.0
143	184	-1518	H9	-667.0	-374.2	-1198.1	-1563.0	-2336.0
144	506	-2075	H9	-784.5	-236.5	-1351.3	-1563.0	-2336.0
145	-779	-1144	H9	-961.5	-354.4	-1281.1	-1563.0	-2336.0
147	-750	-559	H9	-654.5	-450.2	-1150.0	-1563.0	-2206.0
148	525	-1855	H9	-665.0	-288.7	-1260.6	-1563.0	-2206.0
149	111	-1626	H9	-757.5	-243.8	-1320.1	-1563.0	-2206.0
150	-1204	-405	H9	-804.5	-425.2	-1140.2	-1563.0	-2206.0
152	-70	-1084	H9	-577.0	-408.9	-1082.1	-1563.0	-2206.0
153	664	-2153	H9	-744.5	-190.6	-1262.5	-1563.0	-2204.0
154	-451	-1443	H9	-947.0	-126.4	-1386.2	-1563.0	-2204.0
155	-1659	-119	H9	-889.0	-310.7	-1246.3	-1659.0	-2204.0
156	-1082	-385	H9	-733.5	-469.5	-1077.3	-1659.0	-2204.0
157	212	-1688	H9	-738.0	-370.4	-1131.7	-1659.0	-2204.0
158	316	-1973	H9	-828.5	-263.8	-1273.1	-1659.0	-2204.0
159	-986	-935	H9	-960.5	-414.9	-1181.1	-1659.0	-2204.0
161	-524	-858	H9	-691.0	-478.4	-1104.3	-1659.0	-2204.0
162	623	-2153	H9	-765.0	-295.7	-1279.1	-1659.0	-2153.0
163	-67	-1657	H9	-862.0	-295.4	-1336.4	-1659.0	-2153.0
164	-1370	-339	H9	-854.5	-498.8	-1155.0	-1659.0	-2153.0
166	223	-1352	H9	-564.5	-431.4	-1145.9	-1659.0	-2153.0
167	736	-2136	H9	-700.0	-191.9	-1347.6	-1659.0	-2153.0
168	-629	-1209	H9	-919.0	-146.6	-1430.0	-1659.0	-2153.0
170	-876	-389	H9	-632.5	-255.4	-1300.1	-1659.0	-2153.0
171	478	-1761	H9	-641.5	-239.2	-1278.9	-1659.0	-2153.0
172	175	-1692	H9	-758.5	-123.1	-1354.6	-1659.0	-2153.0
173	-1171	-491	H9	-831.0	-187.8	-1317.9	-1659.0	-2153.0
175	-220	-985	H9	-602.5	-272.1	-1201.1	-1659.0	-2153.0
176	619	-2156	H9	-768.5	-203.5	-1251.0	-1659.0	-2156.0
177	-361	-1535	H9	-948.0	-102.6	-1370.6	-1659.0	-2156.0
178	-1624	-216	H9	-920.0	-287.3	-1257.0	-1659.0	-2156.0
179	-1073	-326	H9	-699.5	-468.2	-1076.0	-1624.0	-2156.0
180	241	-1665	H9	-712.0	-381.2	-1121.6	-1624.0	-2156.0
181	441	-2104	H9	-831.5	-249.5	-1293.1	-1624.0	-2156.0
182	-880	-1085	H9	-982.5	-385.3	-1225.5	-1624.0	-2156.0
184	-570	-811	H9	-690.5	-459.8	-1137.4	-1624.0	-2156.0
185	692	-2159	H9	-733.5	-273.5	-1304.2	-1624.0	-2159.0
186	108	-1743	H9	-817.5	-240.7	-1380.0	-1624.0	-2159.0
187	-1226	-445	H9	-835.5	-425.2	-1208.9	-1624.0	-2159.0
189	179	-1328	H9	-574.5	-371.2	-1188.2	-1624.0	-2159.0
190	775	-2206	H9	-715.5	-131.3	-1387.2	-1624.0	-2206.0
191	-481	-1350	H9	-915.5	-72.1	-1489.6	-1624.0	-2206.0
193	-898	-456	H9	-677.0	-186.0	-1368.7	-1624.0	-2206.0
194	448	-1830	H9	-691.0	-185.3	-1341.3	-1624.0	-2206.0
195	225	-1848	H9	-811.5	-74.8	-1417.6	-1624.0	-2206.0
196	-1154	-668	H9	-911.0	-133.2	-1403.3	-1624.0	-2206.0
198	-334	-987	H9	-660.5	-235.8	-1286.1	-1624.0	-2206.0
199	626	-2218	H9	-796.0	-184.0	-1333.6	-1624.0	-2218.0
200	-286	-1633	H9	-959.5	-90.0	-1452.4	-1624.0	-2218.0
201	-1611	-272	H9	-941.5	-269.0	-1346.8	-1624.0	-2218.0
202	-1104	-228	H9	-666.0	-456.9	-1149.0	-1611.0	-2218.0
203	192	-1560	H9	-684.0	-389.6	-1170.0	-1611.0	-2218.0
204	470	-2087	H9	-808.5	-252.8	-1333.1	-1611.0	-2218.0
205	-855	-1119	H9	-987.0	-383.1	-1262.0	-1611.0	-2218.0
207	-734	-640	H9	-687.0	-479.0	-1141.2	-1611.0	-2218.0
208	545	-1952	H9	-703.5	-309.1	-1269.6	-1611.0	-2218.0
209	52	-1638	H9	-793.0	-270.5	-1334.7	-1611.0	-2218.0
210	-1283	-368	H9	-825.5	-461.4	-1149.7	-1611.0	-2218.0
212	3	-1140	H9	-568.5	-432.5	-1100.4	-1611.0	-2218.0
213	683	-2120	H9	-718.5	-203.1	-1285.2	-1611.0	-2218.0
214	-506	-1320	H9	-913.0	-143.3	-1394.4	-1611.0	-2218.0
216	-1027	-355	H9	-691.0	-265.2	-1273.9	-1611.0	-2218.0
217	382	-1778	H9	-698.0	-274.0	-1243.0	-1611.0	-2218.0
218	281	-1929	H9	-824.0	-160.4	-1324.0	-1611.0	-2218.0
219	-1126	-781	H9	-953.5	-199.6	-1338.1	-1611.0	-2218.0
221	-429	-959	H9	-694.0	-297.0	-1238.8	-1611.0	-2218.0
222	631	-2257	H9	-813.0	-239.1	-1300.7	-1611.0	-2257.0
223	-176	-1688	H9	-932.0	-128.4	-1432.7	-1611.0	-2257.0
224	-1411	-324	H9	-867.5	-269.8	-1351.1	-1611.0	-2257.0
226	534	-1174	H9	-320.0	-284.7	-1256.5	-1411.0	-2257.0
227	883	-1457	H9	-287.0	-145.8	-1270.2	-1411.0	-2257.0
228	-242	-303	H9	-272.5	-67.3	-1265.0	-1411.0	-2257.0
231	1583	-564	H9	509.5	52.8	-1143.6	-1411.0	-2257.0
277	2029	-95	H9	967.0	227.6	-960.2	-1411.0	-2257.0
291	2182	-650	H9	766.0	558.4	-947.1	-1411.0	-2257.0
295	1864	-825	H9	519.5	787.7	-933.7	-1411.0	-2257.0
296	1640	-1085	H9	277.5	888.6	-816.5	-1411.0	-2257.0
297	247	-94	H9	76.5	930.9	-657.1	-1411.0	-2257.0
299	895	-596	H9	149.5	1161.5	-684.3	-1411.0	-2257.0
300	1735	-1957	H9	-111.0	1281.6	-762.6	-1411.0	-2257.0
301	794	-1439	H9	-322.5	1272.7	-760.8	-1411.0	-2257.0
302	-579	-128	H9	-353.5	1239.0	-743.3	-1411.0	-2257.0
303	-119	-270	H9	-194.5	1068.8	-713.9	-1411.0	-2257.0
304	1176	-1770	H9	-297.0	983.5	-881.4	-1411.0	-2257.0
305	1373	-2278	H9	-452.5	902.6	-1044.2	-1411.0	-2278.0
306	-28	-1318	H9	-673.0	713.4	-1093.5	-1411.0	-2278.0
307	-820	-139	H9	-479.5	467.4	-998.9	-1411.0	-2278.0
308	71	-1046	H9	-487.5	449.8	-1094.1	-1411.0	-2278.0
309	1223	-2393	H9	-585.0	482.6	-1273.8	-820.0	-2393.0
310	615	-1960	H9	-672.5	370.6	-1274.1	-820.0	-2393.0
311	-756	-650	H9	-703.0	215.6	-1195.2	-820.0	-2393.0
312	-642	-181	H9	-411.5	209.3	-1200.5	-820.0	-2393.0
313	569	-1543	H9	-487.0	278.1	-1327.8	-820.0	-2393.0
314	1062	-2322	H9	-630.0	266.7	-1383.0	-820.0	-2393.0
315	-188	-1478	H9	-833.0	110.6	-1303.0	-820.0	-2393.0
317	-537	-608	H9	-572.5	59.7	-1232.0	-820.0	-2393.0
318	794	-1983	H9	-594.5	221.1	-1416.4	-820.0	-2393.0
319	569	-1963	H9	-697.0	270.9	-1508.1	-820.0	-2393.0
320	-755	-795	H9	-775.0	73.1	-1348.3	-820.0	-2393.0
322	147	-1201	H9	-527.0	26.3	-1272.4	-820.0	-2393.0
323	1010	-2391	H9	-690.5	202.9	-1446.5	-820.0	-2393.0
324	109	-1807	H9	-849.0	278.0	-1609.1	-820.0	-2393.0
325	-1177	-433	H9	-805.0	103.4	-1498.1	-1177.0	-2393.0
326	-632	-439	H9	-535.5	-66.0	-1309.8	-1177.0	-2393.0
327	705	-1815	H9	-555.0	23.3	-1343.5	-1177.0	-2393.0
328	939	-2292	H9	-676.5	170.9	-1511.9	-1177.0	-2393.0
329	-384	-1298	H9	-841.0	53.1	-1443.4	-1177.0	-2393.0
331	-146	-917	H9	-531.5	-18.4	-1338.8	-1177.0	-2393.0
332	1078	-2260	H9	-591.0	164.9	-1485.3	-1177.0	-2391.0
333	569	-1893	H9	-662.0	207.1	-1554.5	-1177.0	-2391.0
334	-735	-622	H9	-678.5	32.6	-1377.6	-1177.0	-2391.0
335	-619	-101	H9	-360.0	-40.2	-1207.0	-1177.0	-2391.0
336	608	-1434	H9	-413.0	138.3	-1307.1	-1177.0	-2391.0
337	1187	-2340	H9	-576.5	320.2	-1497.2	-1177.0	-2391.0
338	42	-1577	H9	-767.5	253.9	-1473.4	-1177.0	-2391.0
339	-1120	-219	H9	-669.5	48.0	-1266.1	-1177.0	-2391.0
340	-459	-641	H9	-550.0	40.5	-1200.4	-1177.0	-2391.0
341	815	-1973	H9	-579.0	136.6	-1306.0	-1177.0	-2391.0
342	695	-2052	H9	-678.5	98.3	-1285.2	-1177.0	-2391.0
343	-626	-932	H9	-779.0	-21.2	-1189.1	-1177.0	-2391.0
345	58	-1145	H9	-543.5	58.1	-1241.4	-1177.0	-2340.0
346	1012	-2387	H9	-687.5	221.2	-1470.0	-1177.0	-2387.0
347	222	-1847	H9	-812.5	182.6	-1511.3	-1120.0	-2387.0
348	-1098	-490	H9	-794.0	-45.9	-1326.3	-1120.0	-2387.0
349	-648	-312	H9	-480.0	-114.9	-1199.8	-1120.0	-2387.0
350	681	-1688	H9	-503.5	65.2	-1346.7	-1120.0	-2387.0
351	1017	-2296	H9	-639.5	212.8	-1512.2	-1120.0	-2387.0
352	-284	-1364	H9	-824.0	102.9	-1451.3	-1120.0	-2387.0
354	-262	-737	H9	-499.5	7.2	-1319.8	-1120.0	-2387.0
355	987	-2055	H9	-534.0	168.5	-1432.1	-1120.0	-2387.0
356	609	-1835	H9	-613.0	223.6	-1501.1	-1120.0	-2387.0
357	-680	-623	H9	-651.5	54.4	-1324.7	-1120.0	-2387.0
359	502	-1322	H9	-410.0	82.4	-1272.2	-1120.0	-2387.0
360	1179	-2354	H9	-587.5	310.1	-1458.6	-1120.0	-2387.0
361	96	-1627	H9	-765.5	384.5	-1590.1	-1120.0	-2387.0
362	-1152	-214	H9	-683.0	201.2	-1442.7	-1152.0	-2387.0
363	-508	-582	H9	-545.0	48.7	-1271.3	-1152.0	-2387.0
364	825	-1987	H9	-581.0	159.6	-1333.6	-1152.0	-2387.0
365	850	-2228	H9	-689.0	270.8	-1482.7	-1152.0	-2387.0
366	-518	-1113	H9	-815.5	120.3	-1388.5	-1152.0	-2387.0
368	-20	-1087	H9	-553.5	57.4	-1313.7	-1152.0	-2387.0
369	1019	-2374	H9	-677.5	227.3	-1488.8	-1152.0	-2374.0
370	310	-1874	H9	-782.0	208.1	-1544.0	-1152.0	-2374.0
371	-992	-532	H9	-762.0	-9.0	-1361.8	-1152.0	-2374.0
372	-614	-243	H9	-428.5	-80.0	-1223.4	-1152.0	-2374.0
373	677	-1605	H9	-464.0	102.9	-1362.5	-1152.0	-2374.0
374	1078	-2288	H9	-605.0	261.5	-1533.1	-1152.0	-2374.0
375	-238	-1352	H9	-795.0	155.2	-1469.6	-1152.0	-2374.0
377	-331	-617	H9	-474.0	37.1	-1308.5	-1152.0	-2374.0
378	983	-1988	H9	-502.5	187.2	-1396.0	-1152.0	-2374.0
379	633	-1830	H9	-598.5	252.5	-1470.3	-1152.0	-2374.0
380	-718	-575	H9	-646.5	78.8	-1290.4	-1152.0	-2374.0
382	374	-1208	H9	-417.0	85.2	-1223.8	-1152.0	-2374.0
383	1122	-2313	H9	-595.5	296.6	-1401.9	-1152.0	-2374.0
384	80	-1627	H9	-773.5	366.0	-1540.3	-1152.0	-2374.0
385	-1194	-230	H9	-712.0	178.9	-1402.8	-1194.0	-2374.0
386	-568	-521	H9	-544.5	14.3	-1226.1	-1194.0	-2374.0
387	791	-1947	H9	-578.0	117.2	-1285.6	-1194.0	-2374.0
388	873	-2241	H9	-684.0	237.6	-1448.0	-1194.0	-2374.0
389	-512	-1132	H9	-822.0	88.1	-1362.4	-1194.0	-2374.0
391	-35	-1071	H9	-553.0	21.3	-1286.5	-1194.0	-2374.0
392	1039	-2380	H9	-670.5	197.0	-1467.0	-1194.0	-2380.0
393	366	-1884	H9	-759.0	196.2	-1534.6	-1194.0	-2380.0
394	-957	-534	H9	-745.5	-11.7	-1356.7	-1194.0	-2380.0
395	-615	-177	H9	-396.0	-81.2	-1211.7	-1194.0	-2380.0
396	684	-1555	H9	-435.5	106.6	-1344.2	-1194.0	-2380.0
397	1117	-2257	H9	-570.0	275.1	-1517.8	-1194.0	-2380.0
398	-184	-1365	H9	-774.5	177.6	-1459.6	-1194.0	-2380.0
400	-341	-628	H9	-484.5	56.2	-1298.3	-1194.0	-2380.0
401	963	-1995	H9	-516.0	203.7	-1384.6	-1194.0	-2380.0
402	662	-1874	H9	-606.0	273.4	-1464.9	-1194.0	-2380.0
403	-683	-676	H9	-679.5	101.2	-1294.5	-1194.0	-2380.0
405	319	-1256	H9	-468.5	96.5	-1231.7	-1194.0	-2380.0
406	1097	-2390	H9	-646.5	301.9	-1417.3	-1194.0	-2390.0
407	106	-1649	H9	-771.5	374.0	-1564.5	-1194.0	-2390.0
408	-1031	-229	H9	-630.0	202.5	-1431.9	-1031.0	-2390.0
409	-308	-301	H9	-304.5	60.0	-1236.3	-1031.0	-2390.0
410	1022	-1357	H9	-167.5	180.6	-1235.5	-1031.0	-2390.0
411	1167	-1333	H9	-83.0	331.4	-1306.0	-1031.0	-2390.0
412	16	-106	H9	-45.0	236.7	-1117.1	-1031.0	-2390.0
415	1802	-608	H9	597.0	350.7	-990.5	-1031.0	-2390.0
461	2026	-113	H9	956.5	621.6	-934.2	-1031.0	-2390.0
516	2002	-102	H9	950.0	789.9	-818.8	-1031.0	-2390.0
530	2129	-103	H9	1013.0	893.1	-590.1	-1031.0	-2390.0
539	2052	-288	H9	882.0	1087.7	-454.0	-1031.0	-2390.0
543	1676	-256	H9	710.0	1358.4	-456.7	-1031.0	-2390.0
544	1801	-750	H9	525.5	1569.3	-501.6	-1031.0	-2390.0
548	1953	-1404	H9	274.5	1662.4	-506.3	-1031.0	-2390.0
549	1252	-1033	H9	109.5	1670.9	-476.3	-1031.0	-2390.0
552	1421	-955	H9	233.0	1811.4	-561.2	-1031.0	-2390.0
553	1834	-1728	H9	53.0	1814.6	-673.2	-1031.0	-2390.0
554	521	-878	H9	-178.5	1664.1	-749.7	-1031.0	-2390.0
556	335	-238	H9	48.5	1497.4	-763.3	-1031.0	-2390.0
557	1642	-1723	H9	-40.5	1448.7	-925.3	-1031.0	-1728.0
558	1264	-1593	H9	-164.5	1369.9	-1055.8	-1031.0	-1728.0
559	-64	-459	H9	-261.5	1195.9	-1076.1	-308.0	-1728.0
561	905	-1162	H9	-128.5	1106.3	-1117.3	-64.0	-1728.0
562	1597	-2265	H9	-334.0	1070.7	-1203.4	-64.0	-2265.0
563	532	-1623	H9	-545.5	998.7	-1262.4	-64.0	-2265.0
564	-755	-267	H9	-511.0	781.1	-1193.6	-755.0	-2265.0
565	-243	-626	H9	-434.5	573.4	-1083.4	-755.0	-2265.0
566	1030	-2022	H9	-496.0	624.3	-1197.8	-755.0	-2265.0
567	1028	-2253	H9	-612.5	693.6	-1399.3	-755.0	-2265.0
568	-301	-1223	H9	-762.0	499.3	-1349.3	-755.0	-2265.0
569	-925	-151	H9	-538.0	280.4	-1205.1	-925.0	-2265.0
570	46	-1149	H9	-551.5	291.4	-1274.1	-925.0	-2265.0
571	1099	-2418	H9	-659.5	310.8	-1399.7	-925.0	-2418.0
572	420	-1940	H9	-760.0	193.1	-1367.2	-925.0	-2418.0
573	-864	-647	H9	-755.5	53.5	-1269.6	-925.0	-2418.0
574	-566	-309	H9	-437.5	72.4	-1273.8	-925.0	-2418.0
575	690	-1640	H9	-475.0	165.7	-1375.2	-925.0	-2418.0
576	1086	-2301	H9	-607.5	171.3	-1403.1	-925.0	-2418.0
577	-185	-1423	H9	-804.0	50.0	-1320.1	-925.0	-2418.0
579	-378	-649	H9	-513.5	42.3	-1262.7	-925.0	-2418.0
580	922	-2000	H9	-539.0	227.0	-1447.6	-925.0	-2418.0
581	635	-1893	H9	-629.0	285.9	-1522.0	-925.0	-2418.0
582	-680	-692	H9	-686.0	108.0	-1349.4	-925.0	-2418.0
584	280	-1209	H9	-464.5	94.0	-1276.3	-925.0	-2418.0
585	1073	-2361	H9	-644.0	287.7	-1447.7	-925.0	-2418.0
586	122	-1749	H9	-813.5	356.5	-1591.7	-925.0	-2418.0
587	-1140	-399	H9	-769.5	173.5	-1467.6	-1140.0	-2418.0
588	-586	-533	H9	-559.5	6.3	-1290.8	-1140.0	-2418.0
589	732	-1897	H9	-582.5	98.0	-1338.2	-1140.0	-2418.0
590	901	-2306	H9	-702.5	225.9	-1503.9	-1140.0	-2418.0
591	-395	-1311	H9	-853.0	94.2	-1435.0	-1140.0	-2418.0
592	-1070	-160	H9	-615.0	-76.3	-1261.7	-1140.0	-2418.0
593	-130	-1004	H9	-567.0	-21.3	-1292.9	-1140.0	-2361.0
594	1034	-2278	H9	-622.0	54.1	-1399.8	-1140.0	-2361.0
595	531	-1886	H9	-677.5	-0.1	-1352.3	-1140.0	-2361.0
596	-717	-663	H9	-690.0	-84.0	-1243.7	-1140.0	-2361.0
597	-567	-197	H9	-382.0	-26.7	-1223.5	-1140.0	-2361.0
598	643	-1481	H9	-419.0	96.2	-1318.3	-1140.0	-2361.0
599	1171	-2336	H9	-582.5	140.1	-1362.2	-1140.0	-2361.0
600	29	-1581	H9	-776.0	52.9	-1289.7	-1140.0	-2361.0
601	-1094	-261	H9	-677.5	-17.0	-1184.7	-1140.0	-2361.0
602	-429	-678	H9	-553.5	47.1	-1236.5	-1140.0	-2361.0
603	834	-2007	H9	-586.5	143.5	-1336.8	-1140.0	-2361.0
604	722	-2107	H9	-692.5	112.3	-1319.7	-1140.0	-2361.0
605	-586	-998	H9	-792.0	0.6	-1230.9	-1140.0	-2336.0
607	64	-1186	H9	-561.0	78.7	-1283.2	-1140.0	-2336.0
608	1007	-2425	H9	-709.0	236.1	-1506.0	-1094.0	-2425.0
609	224	-1892	H9	-834.0	194.2	-1547.1	-1094.0	-2425.0
610	-1070	-547	H9	-808.5	-29.9	-1368.2	-1094.0	-2425.0
611	-639	-352	H9	-495.5	-96.7	-1245.3	-1094.0	-2425.0
612	665	-1713	H9	-524.0	79.2	-1390.5	-1094.0	-2425.0
613	1009	-2324	H9	-657.5	223.0	-1555.1	-1094.0	-2425.0
614	-281	-1397	H9	-839.0	111.5	-1494.1	-1094.0	-2425.0
616	-300	-731	H9	-515.5	9.3	-1356.5	-1094.0	-2425.0
617	954	-2043	H9	-544.5	163.3	-1461.0	-1094.0	-2425.0
618	594	-1831	H9	-618.5	216.3	-1525.5	-1094.0	-2425.0
619	-680	-647	H9	-663.5	47.6	-1347.7	-1094.0	-2425.0
621	478	-1323	H9	-422.5	73.0	-1290.8	-1094.0	-2425.0
622	1178	-2382	H9	-602.0	297.8	-1474.3	-1094.0	-2425.0
623	112	-1674	H9	-781.0	372.9	-1606.5	-1094.0	-2425.0
624	-1127	-286	H9	-706.5	193.7	-1463.8	-1127.0	-2425.0
625	-510	-603	H9	-556.5	41.8	-1291.7	-1127.0	-2425.0
626	823	-1985	H9	-581.0	152.2	-1350.5	-1127.0	-2425.0
627	899	-2261	H9	-681.0	272.1	-1503.5	-1127.0	-2425.0
628	-442	-1169	H9	-805.5	132.5	-1416.1	-1127.0	-2425.0
630	-6	-1072	H9	-539.0	72.5	-1340.2	-1127.0	-2425.0
631	1051	-2365	H9	-657.0	245.6	-1512.0	-1127.0	-2382.0
632	383	-1884	H9	-750.5	236.1	-1568.1	-1127.0	-2382.0
633	-911	-577	H9	-744.0	27.2	-1387.6	-1127.0	-2382.0
634	-589	-224	H9	-406.5	-42.9	-1242.6	-1127.0	-2382.0
635	701	-1597	H9	-448.0	139.9	-1373.7	-1127.0	-2382.0
636	1140	-2317	H9	-588.5	304.9	-1545.1	-1127.0	-2382.0
637	-159	-1422	H9	-790.5	206.7	-1488.8	-1127.0	-2382.0
639	-338	-653	H9	-495.5	83.0	-1328.0	-1127.0	-2382.0
640	952	-2017	H9	-532.5	222.4	-1412.8	-1127.0	-2382.0
641	663	-1904	H9	-620.5	289.3	-1496.0	-1127.0	-2382.0
642	-668	-703	H9	-685.5	117.4	-1329.8	-1127.0	-2382.0
644	345	-1242	H9	-448.5	113.6	-1265.6	-1127.0	-2382.0
645	1127	-2396	H9	-634.5	317.4	-1447.5	-1127.0	-2396.0
646	140	-1757	H9	-808.5	390.3	-1600.8	-1127.0	-2396.0
647	-1136	-408	H9	-772.0	206.6	-1481.9	-1136.0	-2396.0
648	-588	-584	H9	-586.0	33.8	-1308.6	-1136.0	-2396.0
649	719	-1964	H9	-622.5	121.6	-1362.8	-1136.0	-2396.0
650	884	-2348	H9	-732.0	243.8	-1532.3	-1136.0	-2396.0
651	-448	-1308	H9	-878.0	103.8	-1461.4	-1136.0	-2396.0
652	-1118	-154	H9	-636.0	-74.3	-1286.4	-1136.0	-2396.0
653	-153	-1042	H9	-597.5	-22.8	-1320.3	-1136.0	-2396.0
654	982	-2335	H9	-676.5	40.9	-1429.6	-1136.0	-2396.0
655	423	-1911	H9	-744.0	-29.5	-1381.1	-1136.0	-2396.0
656	-848	-632	H9	-740.0	-128.3	-1268.6	-1136.0	-2396.0
657	-665	-166	H9	-415.5	-81.2	-1244.4	-1136.0	-2396.0
658	590	-1467	H9	-438.5	36.6	-1332.7	-1136.0	-2396.0
659	1119	-2284	H9	-582.5	76.6	-1364.7	-1136.0	-2396.0
660	-71	-1480	H9	-775.5	-18.9	-1277.9	-1136.0	-2396.0
661	-1180	-139	H9	-659.5	-92.1	-1161.0	-1180.0	-2396.0
662	-471	-596	H9	-533.5	-27.4	-1205.2	-1180.0	-2396.0
663	794	-1915	H9	-560.5	67.3	-1292.5	-1180.0	-2396.0
664	637	-1963	H9	-663.0	32.8	-1255.3	-1180.0	-2396.0
665	-653	-839	H9	-746.0	-74.8	-1148.1	-1180.0	-2348.0
667	98	-1137	H9	-519.5	19.8	-1198.6	-1180.0	-2348.0
668	1000	-2347	H9	-673.5	186.3	-1416.7	-1180.0	-2348.0
669	176	-1797	H9	-810.5	144.9	-1449.7	-1180.0	-2348.0
670	-1118	-469	H9	-793.5	-78.8	-1268.2	-1180.0	-2348.0
671	-635	-386	H9	-510.5	-135.2	-1158.8	-1180.0	-2347.0
672	688	-1762	H9	-537.0	51.6	-1321.1	-1180.0	-2347.0
673	987	-2324	H9	-668.5	197.4	-1493.9	-1180.0	-2347.0
674	-343	-1327	H9	-835.0	83.7	-1435.1	-1180.0	-2347.0
676	-260	-778	H9	-519.0	-6.0	-1316.6	-1180.0	-2347.0
677	1021	-2119	H9	-549.0	161.4	-1444.6	-1180.0	-2347.0
678	597	-1850	H9	-626.5	211.3	-1515.9	-1180.0	-2347.0
679	-709	-620	H9	-664.5	40.4	-1343.2	-1180.0	-2347.0
681	539	-1354	H9	-407.5	76.7	-1298.9	-1180.0	-2347.0
682	1177	-2337	H9	-580.0	306.2	-1485.7	-1180.0	-2347.0
683	66	-1589	H9	-761.5	376.3	-1606.0	-1180.0	-2347.0
684	-1149	-211	H9	-680.0	192.6	-1450.9	-1149.0	-2347.0
685	-475	-617	H9	-546.0	46.4	-1280.2	-1149.0	-2347.0
686	875	-2033	H9	-579.0	168.2	-1350.8	-1149.0	-2347.0
687	791	-2199	H9	-704.0	273.3	-1492.9	-1149.0	-2347.0
688	-581	-1065	H9	-823.0	113.1	-1387.5	-1149.0	-2347.0
690	28	-1135	H9	-553.5	56.2	-1316.0	-1149.0	-2347.0
691	1026	-2406	H9	-690.0	229.7	-1494.6	-1149.0	-2406.0
692	268	-1881	H9	-806.5	202.6	-1547.3	-1149.0	-2406.0
693	-1060	-512	H9	-786.0	-21.1	-1364.8	-1149.0	-2406.0
694	-636	-297	H9	-466.5	-91.3	-1235.6	-1149.0	-2406.0
695	665	-1660	H9	-497.5	90.1	-1380.5	-1149.0	-2406.0
696	1014	-2269	H9	-627.5	239.0	-1545.7	-1149.0	-2406.0
697	-258	-1358	H9	-808.0	125.7	-1478.2	-1149.0	-2406.0
699	-217	-678	H9	-447.5	24.9	-1326.1	-1149.0	-2406.0
700	1049	-1919	H9	-435.0	187.9	-1411.5	-1149.0	-2406.0
701	774	-1560	H9	-393.0	262.5	-1454.0	-1149.0	-2406.0
702	-333	-279	H9	-306.0	126.6	-1241.3	-1149.0	-2406.0
704	995	-649	H9	173.0	199.3	-1118.1	-1149.0	-2406.0
705	1700	-1365	H9	167.5	475.3	-1203.4	-1149.0	-2406.0
706	799	-395	H9	202.0	618.8	-1213.2	-1149.0	-2406.0
709	1771	-156	H9	807.5	729.4	-1062.8	-1060.0	-2406.0
710	1863	-155	H9	854.0	814.3	-851.4	-1060.0	-2406.0
783	2125	-496	H9	814.5	1052.6	-765.2	-1060.0	-2406.0
787	1712	-545	H9	583.5	1245.5	-751.9	-1060.0	-2406.0
788	1608	-912	H9	348.0	1301.4	-651.2	-1060.0	-2406.0
791	757	-361	H9	198.0	1299.7	-531.3	-1060.0	-2406.0
792	1696	-1842	H9	-73.0	1502.6	-687.6	-1060.0	-2269.0
793	800	-1407	H9	-303.5	1483.1	-763.4	-1060.0	-2269.0
794	-665	-119	H9	-392.0	1246.6	-638.8	-665.0	-2269.0
796	973	-1623	H9	-325.0	1264.0	-761.6	-665.0	-2269.0
797	1276	-2265	H9	-494.5	1214.5	-972.5	-665.0	-2269.0
798	-152	-1307	H9	-729.5	1013.0	-1087.7	-665.0	-2265.0
800	-152	-899	H9	-525.5	785.3	-1128.0	-665.0	-2265.0
801	1072	-2266	H9	-597.0	721.3	-1300.1	-665.0	-2266.0
802	537	-1903	H9	-683.0	614.2	-1399.2	-665.0	-2266.0
803	-818	-622	H9	-720.0	456.7	-1425.3	-818.0	-2266.0
805	555	-1460	H9	-452.5	342.6	-1387.1	-818.0	-2266.0
806	1122	-2328	H9	-603.0	374.8	-1479.2	-818.0	-2328.0
807	-91	-1513	H9	-802.0	432.2	-1618.6	-818.0	-2328.0
808	-1246	-110	H9	-678.0	210.3	-1467.3	-1246.0	-2328.0
809	-526	-593	H9	-559.5	30.1	-1300.1	-1246.0	-2328.0
810	810	-1991	H9	-590.5	126.3	-1368.5	-1246.0	-2328.0
811	620	-2035	H9	-707.5	203.5	-1482.1	-1246.0	-2328.0
812	-740	-853	H9	-796.5	22.3	-1340.8	-1246.0	-2328.0
814	63	-1149	H9	-543.0	-25.1	-1265.4	-1246.0	-2328.0
815	979	-2380	H9	-700.5	154.6	-1441.2	-1246.0	-2380.0
816	89	-1790	H9	-850.5	108.0	-1474.2	-1246.0	-2380.0
817	-1260	-364	H9	-812.0	-130.2	-1277.8	-1260.0	-2380.0
818	-727	-348	H9	-537.5	-193.8	-1161.3	-1260.0	-2380.0
819	641	-1772	H9	-565.5	-5.1	-1327.5	-1260.0	-2380.0
820	913	-2277	H9	-682.0	138.8	-1495.9	-1260.0	-2380.0
821	-472	-1239	H9	-855.5	10.6	-1420.7	-1260.0	-2380.0
823	-239	-869	H9	-554.0	-75.3	-1304.1	-1260.0	-2380.0
824	1032	-2277	H9	-622.5	101.9	-1446.5	-1260.0	-2380.0
825	479	-1905	H9	-713.0	143.5	-1522.1	-1260.0	-2380.0
826	-888	-582	H9	-735.0	-43.2	-1342.3	-1260.0	-2380.0
828	581	-1492	H9	-455.5	6.0	-1312.5	-1260.0	-2380.0
829	1159	-2374	H9	-607.5	247.9	-1513.5	-1260.0	-2380.0
830	-86	-1523	H9	-804.5	312.0	-1631.0	-1260.0	-2380.0
831	-1249	-111	H9	-680.0	123.0	-1464.9	-1260.0	-2380.0
832	-515	-592	H9	-553.5	-19.8	-1296.4	-1260.0	-2380.0
833	803	-1962	H9	-579.5	107.7	-1368.7	-1260.0	-2380.0
834	612	-1974	H9	-681.0	192.8	-1479.2	-1260.0	-2380.0
835	-722	-827	H9	-774.5	17.4	-1334.2	-1260.0	-2380.0
837	48	-1139	H9	-545.5	-25.7	-1257.6	-1260.0	-2380.0
838	936	-2355	H9	-709.5	156.7	-1434.9	-1260.0	-2374.0
839	43	-1772	H9	-864.5	102.9	-1462.9	-1260.0	-2374.0
840	-1260	-376	H9	-818.0	-139.0	-1263.1	-1260.0	-2374.0
841	-716	-362	H9	-539.0	-202.0	-1147.0	-1260.0	-2374.0
842	630	-1771	H9	-570.5	-14.1	-1313.0	-1260.0	-2374.0
843	892	-2279	H9	-693.5	126.6	-1481.7	-1260.0	-2374.0
844	-480	-1260	H9	-870.0	-1.7	-1411.5	-1260.0	-2374.0
846	-296	-823	H9	-559.5	-92.5	-1296.4	-1260.0	-2374.0
847	990	-2199	H9	-604.5	78.7	-1433.6	-1260.0	-2374.0
848	454	-1840	H9	-693.0	119.3	-1503.7	-1260.0	-2374.0
849	-892	-534	H9	-713.0	-63.5	-1321.6	-1260.0	-2374.0
851	505	-1415	H9	-455.0	-17.3	-1285.9	-1260.0	-2374.0
852	1106	-2319	H9	-606.5	219.3	-1480.2	-1260.0	-2355.0
853	-90	-1499	H9	-794.5	281.9	-1593.9	-1260.0	-2355.0
854	-1266	-88	H9	-677.0	92.3	-1425.6	-1266.0	-2355.0
855	-532	-563	H9	-547.5	-50.1	-1254.0	-1266.0	-2355.0
856	826	-1964	H9	-569.0	80.5	-1324.4	-1266.0	-2355.0
857	636	-2022	H9	-693.0	173.7	-1444.3	-1266.0	-2355.0
858	-726	-844	H9	-785.0	2.1	-1308.8	-1266.0	-2355.0
860	76	-1141	H9	-532.5	-35.7	-1238.9	-1266.0	-2355.0
861	999	-2393	H9	-697.0	153.4	-1424.8	-1266.0	-2393.0
862	99	-1791	H9	-846.0	112.8	-1462.4	-1266.0	-2393.0
863	-1265	-374	H9	-819.5	-124.3	-1267.9	-1266.0	-2393.0
864	-730	-350	H9	-540.0	-188.3	-1153.0	-1266.0	-2393.0
865	629	-1773	H9	-572.0	1.2	-1321.5	-1266.0	-2393.0
866	897	-2295	H9	-699.0	144.1	-1494.7	-1266.0	-2393.0
867	-474	-1270	H9	-872.0	14.1	-1425.3	-1266.0	-2393.0
869	-291	-841	H9	-566.0	-78.6	-1307.2	-1266.0	-2393.0
870	966	-2207	H9	-620.5	90.6	-1443.5	-1266.0	-2393.0
871	447	-1846	H9	-699.5	127.7	-1514.0	-1266.0	-2393.0
872	-889	-556	H9	-722.5	-61.1	-1330.3	-1266.0	-2393.0
874	521	-1418	H9	-448.5	-18.9	-1293.0	-1266.0	-2393.0
875	1112	-2321	H9	-604.5	218.8	-1487.7	-1266.0	-2393.0
876	-73	-1513	H9	-793.0	284.5	-1604.0	-1266.0	-2393.0
877	-1252	-114	H9	-683.0	96.4	-1438.1	-1265.0	-2393.0
878	-552	-568	H9	-560.0	-48.5	-1265.4	-1265.0	-2393.0
879	773	-1951	H9	-589.0	76.2	-1333.5	-1265.0	-2393.0
880	616	-2024	H9	-704.0	166.9	-1451.8	-1265.0	-2393.0
881	-737	-878	H9	-807.5	-3.4	-1318.9	-1265.0	-2393.0
883	5	-1139	H9	-567.0	-47.6	-1248.2	-1265.0	-2393.0
884	926	-2379	H9	-726.5	133.9	-1430.5	-1265.0	-2379.0
885	44	-1791	H9	-873.5	86.2	-1467.8	-1265.0	-2379.0
886	-1321	-369	H9	-845.0	-157.1	-1272.6	-1321.0	-2379.0
887	-778	-331	H9	-554.5	-227.6	-1154.4	-1321.0	-2379.0
888	602	-1769	H9	-583.5	-42.2	-1319.9	-1321.0	-2379.0
889	914	-2320	H9	-703.0	104.4	-1495.1	-1321.0	-2379.0
890	-492	-1283	H9	-887.5	-22.1	-1428.3	-1321.0	-2379.0
892	-288	-857	H9	-572.5	-112.5	-1311.6	-1321.0	-2379.0
893	1024	-2280	H9	-628.0	63.6	-1451.8	-1321.0	-2379.0
894	478	-1927	H9	-724.5	110.9	-1530.6	-1321.0	-2379.0
895	-875	-618	H9	-746.5	-69.2	-1354.5	-1321.0	-2379.0
896	-745	-88	H9	-416.5	-148.1	-1184.2	-1321.0	-2379.0
897	528	-1478	H9	-475.0	36.8	-1295.1	-1321.0	-2379.0
898	1127	-2376	H9	-624.5	227.3	-1499.6	-1321.0	-2379.0
899	-82	-1554	H9	-818.0	158.9	-1478.1	-1321.0	-2379.0
900	-1258	-135	H9	-696.5	-58.3	-1259.6	-1321.0	-2379.0
901	-537	-602	H9	-569.5	-62.8	-1191.5	-1321.0	-2379.0
902	780	-1969	H9	-594.5	44.0	-1302.7	-1321.0	-2379.0
903	596	-1998	H9	-701.0	1.2	-1274.5	-1321.0	-2379.0
904	-742	-835	H9	-788.5	-120.8	-1165.3	-1321.0	-2379.0
906	36	-1124	H9	-544.0	-29.7	-1215.9	-1321.0	-2376.0
907	961	-2356	H9	-697.5	140.9	-1442.7	-1321.0	-2376.0
908	137	-1739	H9	-801.0	101.8	-1468.8	-1258.0	-2376.0
909	-1036	-330	H9	-683.0	-114.5	-1264.2	-1258.0	-2376.0
910	-394	-224	H9	-309.0	-145.7	-1131.2	-1258.0	-2376.0
911	963	-1374	H9	-205.5	76.4	-1255.1	-1258.0	-2376.0
912	1245	-1602	H9	-178.5	254.6	-1355.1	-1258.0	-2376.0
913	109	-449	H9	-170.0	187.5	-1203.1	-1258.0	-2376.0
916	1838	-724	H9	557.0	311.7	-1075.7	-1258.0	-2376.0
962	2057	-203	H9	927.0	591.6	-1012.5	-1258.0	-2376.0
967	2094	-300	H9	897.0	797.4	-930.1	-1258.0	-2376.0
971	2127	-406	H9	860.5	914.0	-735.1	-1258.0	-2376.0
972	1666	-250	H9	708.0	1066.9	-586.2	-1258.0	-2376.0
976	2224	-1165	H9	529.5	1392.9	-669.7	-1258.0	-2356.0
977	1130	-538	H9	296.0	1545.3	-701.1	-1258.0	-2356.0
980	1979	-1369	H9	305.0	1646.9	-700.6	-1036.0	-2356.0
981	1797	-1607	H9	95.0	1702.1	-701.1	-1036.0	-2356.0
982	488	-589	H9	-50.5	1740.0	-715.1	-1036.0	-2356.0
984	1149	-987	H9	81.0	1671.1	-741.4	-1036.0	-2356.0
985	1990	-2291	H9	-150.5	1664.4	-950.2	-1036.0	-2356.0
986	1140	-1760	H9	-310.0	1569.0	-1096.2	-1036.0	-2356.0
987	-174	-434	H9	-304.0	1338.9	-1099.0	-1036.0	-2291.0
988	239	-448	H9	-104.5	1196.2	-1118.8	-1036.0	-2291.0
989	1454	-1840	H9	-193.0	1119.2	-1186.3	-394.0	-2291.0
990	1636	-2305	H9	-334.5	1169.8	-1363.0	-174.0	-2305.0
991	282	-1354	H9	-536.0	1000.1	-1361.5	-174.0	-2305.0
992	-606	-117	H9	-361.5	759.8	-1212.5	-606.0	-2305.0
993	192	-937	H9	-372.5	730.2	-1247.3	-606.0	-2305.0
994	1352	-2266	H9	-457.0	750.5	-1375.2	-606.0	-2305.0
995	869	-1918	H9	-524.5	638.4	-1337.9	-606.0	-2305.0
996	-443	-703	H9	-573.0	480.1	-1232.2	-606.0	-2305.0
997	-467	-172	H9	-319.5	450.8	-1206.0	-606.0	-2305.0
998	698	-1470	H9	-386.0	496.7	-1308.2	-606.0	-2305.0
999	1246	-2363	H9	-558.5	475.9	-1360.5	-606.0	-2363.0
1000	144	-1622	H9	-739.0	326.7	-1292.2	-606.0	-2363.0
1001	-978	-276	H9	-627.0	200.7	-1184.4	-978.0	-2363.0
1002	-309	-685	H9	-497.0	230.4	-1241.2	-978.0	-2363.0
1003	957	-2022	H9	-532.5	306.9	-1349.7	-978.0	-2363.0
1004	867	-2123	H9	-628.0	258.4	-1335.4	-978.0	-2363.0
1005	-431	-1027	H9	-729.0	128.4	-1246.3	-978.0	-2363.0
1007	213	-1171	H9	-479.0	194.0	-1293.1	-978.0	-2363.0
1008	1174	-2401	H9	-613.5	358.1	-1516.0	-978.0	-2401.0
1009	441	-1889	H9	-724.0	332.4	-1557.9	-978.0	-2401.0
1010	-843	-564	H9	-703.5	123.5	-1378.0	-978.0	-2401.0
1011	-441	-345	H9	-393.0	65.0	-1250.3	-978.0	-2401.0
1012	837	-1693	H9	-428.0	246.5	-1392.0	-978.0	-2401.0
1013	1196	-2313	H9	-558.5	397.0	-1554.8	-978.0	-2401.0
1014	-67	-1417	H9	-742.0	294.6	-1494.3	-978.0	-2401.0
1016	-74	-757	H9	-415.5	200.5	-1357.7	-978.0	-2401.0
1017	1213	-2119	H9	-453.0	364.9	-1466.9	-978.0	-2401.0
1018	835	-1915	H9	-540.0	427.1	-1541.3	-978.0	-2401.0
1019	-487	-661	H9	-574.0	261.0	-1367.3	-978.0	-2401.0
1021	690	-1343	H9	-326.5	285.9	-1312.7	-978.0	-2401.0
1022	1400	-2417	H9	-508.5	510.2	-1498.0	-978.0	-2417.0
1023	323	-1691	H9	-684.0	586.6	-1632.6	-978.0	-2417.0
1024	-949	-244	H9	-596.5	408.0	-1487.7	-949.0	-2417.0
1025	-299	-600	H9	-449.5	258.5	-1316.4	-949.0	-2417.0
1026	1052	-2030	H9	-489.0	370.4	-1377.7	-949.0	-2417.0
1027	1071	-2261	H9	-595.0	484.9	-1528.1	-949.0	-2417.0
1028	-276	-1179	H9	-727.5	336.0	-1434.1	-949.0	-2417.0
1029	-879	-136	H9	-507.5	164.6	-1256.2	-949.0	-2417.0
1030	131	-1156	H9	-512.5	226.4	-1305.7	-949.0	-2417.0
1031	1140	-2409	H9	-634.5	271.4	-1412.3	-949.0	-2417.0
1032	478	-1940	H9	-731.0	179.2	-1364.6	-949.0	-2417.0
1033	-800	-666	H9	-733.0	66.9	-1262.1	-949.0	-2417.0
1034	-509	-345	H9	-427.0	110.9	-1272.2	-949.0	-2417.0
1035	719	-1653	H9	-467.0	212.7	-1377.5	-949.0	-2417.0
1036	1095	-2314	H9	-609.5	217.0	-1405.9	-949.0	-2417.0
1037	-170	-1458	H9	-814.0	92.9	-1325.6	-949.0	-2417.0
1038	-1159	-132	H9	-645.5	4.6	-1220.9	-1159.0	-2417.0
1039	-375	-689	H9	-532.0	55.0	-1276.2	-1159.0	-2417.0
1040	877	-1987	H9	-555.0	129.6	-1359.3	-1159.0	-2417.0
1041	638	-1903	H9	-632.5	79.4	-1308.7	-1159.0	-2417.0
1042	-636	-752	H9	-694.0	-32.0	-1189.9	-1159.0	-2409.0
1044	309	-1232	H9	-461.5	78.9	-1246.5	-1159.0	-2409.0
1045	1093	-2390	H9	-648.5	239.1	-1451.0	-1159.0	-2409.0
1046	162	-1784	H9	-811.0	183.4	-1464.1	-1159.0	-2409.0
1047	-1062	-443	H9	-752.5	-32.3	-1277.0	-1159.0	-2409.0
1048	-493	-530	H9	-511.5	-64.6	-1184.2	-1159.0	-2409.0
1049	831	-1903	H9	-536.0	134.4	-1361.3	-1159.0	-2409.0
1050	1025	-2341	H9	-658.0	274.4	-1526.5	-1159.0	-2409.0
1051	-279	-1343	H9	-811.0	158.8	-1462.1	-1159.0	-2409.0
1052	-987	-132	H9	-559.5	-3.7	-1285.0	-1159.0	-2390.0
1053	-32	-964	H9	-498.0	56.7	-1306.2	-1159.0	-2390.0
1054	1158	-2285	H9	-563.5	141.6	-1411.5	-1159.0	-2390.0
1055	643	-1887	H9	-622.0	96.6	-1361.2	-1159.0	-2390.0
1056	-618	-627	H9	-622.5	18.6	-1245.5	-1159.0	-2390.0
1057	-494	-125	H9	-309.5	75.4	-1213.7	-1159.0	-2390.0
1058	715	-1435	H9	-360.0	196.2	-1304.2	-1159.0	-2390.0
1059	1264	-2313	H9	-524.5	239.5	-1345.2	-1062.0	-2390.0
1060	132	-1536	H9	-702.0	150.2	-1264.7	-1062.0	-2390.0
1061	-1019	-180	H9	-599.5	76.2	-1148.4	-1062.0	-2390.0
1062	-352	-587	H9	-469.5	139.7	-1193.9	-1062.0	-2390.0
1063	903	-1921	H9	-509.0	233.2	-1289.6	-1062.0	-2390.0
1064	797	-2009	H9	-606.0	197.1	-1262.0	-1062.0	-2390.0
1065	-484	-922	H9	-703.0	84.4	-1165.5	-1062.0	-2341.0
1067	195	-1155	H9	-480.0	165.7	-1218.3	-1062.0	-2341.0
1068	1132	-2397	H9	-632.5	328.3	-1445.5	-1019.0	-2397.0
1069	350	-1854	H9	-752.0	291.8	-1487.4	-1019.0	-2397.0
1070	-966	-507	H9	-736.5	68.8	-1306.8	-1019.0	-2397.0
1071	-496	-356	H9	-426.0	6.0	-1188.8	-1019.0	-2397.0
1072	825	-1756	H9	-465.5	190.4	-1346.4	-1019.0	-2397.0
1073	1169	-2362	H9	-596.5	342.5	-1523.9	-1019.0	-2397.0
1074	-152	-1401	H9	-776.5	237.0	-1471.9	-1019.0	-2397.0
1076	-126	-764	H9	-445.0	144.7	-1347.4	-1019.0	-2397.0
1077	1118	-2080	H9	-481.0	304.9	-1463.2	-1019.0	-2397.0
1078	748	-1847	H9	-549.5	360.2	-1532.4	-1019.0	-2397.0
1079	-544	-630	H9	-587.0	192.6	-1355.7	-1019.0	-2397.0
1081	637	-1341	H9	-352.0	221.3	-1304.4	-1019.0	-2397.0
1082	1295	-2359	H9	-532.0	447.4	-1489.6	-1019.0	-2397.0
1083	209	-1623	H9	-707.0	517.9	-1616.3	-1019.0	-2397.0
1084	-991	-237	H9	-614.0	336.3	-1464.4	-991.0	-2397.0
1085	-362	-607	H9	-484.5	183.2	-1288.9	-991.0	-2397.0
1086	973	-2013	H9	-520.0	295.7	-1350.1	-991.0	-2397.0
1087	983	-2236	H9	-626.5	406.6	-1497.3	-991.0	-2397.0
1088	-377	-1127	H9	-752.0	257.1	-1402.0	-991.0	-2397.0
1090	137	-1127	H9	-495.0	196.0	-1330.0	-991.0	-2397.0
1091	1154	-2386	H9	-616.0	365.8	-1505.6	-991.0	-2386.0
1092	473	-1890	H9	-708.5	349.4	-1560.5	-991.0	-2386.0
1093	-770	-576	H9	-673.0	142.9	-1382.2	-991.0	-2386.0
1094	-380	-274	H9	-327.0	84.0	-1247.3	-991.0	-2386.0
1095	918	-1598	H9	-340.0	274.9	-1383.4	-991.0	-2386.0
1096	1302	-2211	H9	-454.5	441.3	-1543.8	-991.0	-2386.0
1097	152	-1257	H9	-552.5	359.2	-1468.2	-991.0	-2386.0
1099	331	-404	H9	-36.5	294.0	-1285.0	-991.0	-2386.0
1100	1584	-1407	H9	88.5	490.1	-1313.0	-991.0	-2386.0
1101	1315	-923	H9	196.0	607.9	-1292.6	-991.0	-2386.0
1105	2077	-652	H9	712.5	700.2	-1119.2	-991.0	-2386.0
1137	2039	-121	H9	959.0	856.8	-942.3	-991.0	-2386.0
1151	2154	-122	H9	1016.0	1149.2	-896.9	-991.0	-2386.0
1155	1942	-146	H9	898.0	1381.4	-884.1	-991.0	-2386.0
1156	1723	-418	H9	652.5	1461.9	-766.1	-770.0	-2386.0
1159	1196	-99	H9	548.5	1451.3	-554.9	-770.0	-2386.0
1160	2021	-1574	H9	223.5	1638.2	-586.6	-770.0	-2386.0
1161	1108	-1238	H9	-65.0	1715.9	-670.0	-770.0	-2386.0
1162	-234	-100	H9	-167.0	1534.1	-539.3	-770.0	-2386.0
1163	151	-225	H9	-37.0	1417.7	-469.5	-770.0	-2386.0
1164	1370	-1674	H9	-152.0	1347.0	-571.7	-770.0	-2211.0
1165	1548	-2189	H9	-320.5	1297.9	-778.5	-770.0	-2211.0
1166	205	-1286	H9	-540.5	1103.0	-894.9	-380.0	-2211.0
1167	-604	-120	H9	-362.0	848.4	-892.3	-604.0	-2211.0
1168	203	-981	H9	-389.0	696.4	-948.6	-604.0	-2211.0
1169	1320	-2312	H9	-496.0	708.8	-1169.9	-604.0	-2312.0
1170	778	-1928	H9	-575.0	584.5	-1205.3	-604.0	-2312.0
1171	-538	-685	H9	-611.5	419.9	-1150.0	-604.0	-2312.0
1172	-467	-188	H9	-327.5	396.6	-1158.8	-604.0	-2312.0
1173	708	-1498	H9	-395.0	452.3	-1286.1	-604.0	-2312.0
1174	1234	-2334	H9	-550.0	438.7	-1352.1	-604.0	-2334.0
1175	70	-1544	H9	-737.0	290.9	-1287.6	-604.0	-2334.0
1176	-1079	-169	H9	-624.0	162.5	-1175.9	-1079.0	-2334.0
1177	-425	-615	H9	-520.0	180.4	-1225.4	-1079.0	-2334.0
1178	844	-1961	H9	-558.5	244.5	-1323.4	-1079.0	-2334.0
1179	687	-2012	H9	-662.5	181.2	-1293.4	-1079.0	-2334.0
1180	-622	-884	H9	-753.0	41.2	-1189.0	-1079.0	-2334.0
1182	119	-1163	H9	-522.0	106.9	-1236.8	-1079.0	-2334.0
1183	1048	-2393	H9	-672.5	258.4	-1457.3	-1079.0	-2393.0
1184	224	-1849	H9	-812.5	210.0	-1492.4	-1079.0	-2393.0
1185	-1073	-495	H9	-784.0	-20.7	-1308.5	-1079.0	-2393.0
1186	-586	-400	H9	-493.0	-86.3	-1194.1	-1079.0	-2393.0
1187	761	-1800	H9	-519.5	97.7	-1357.2	-1079.0	-2393.0
1188	1069	-2371	H9	-651.0	247.1	-1532.8	-1079.0	-2393.0
1189	-232	-1412	H9	-822.0	139.5	-1477.9	-1079.0	-2393.0
1190	-1040	-110	H9	-575.0	-33.2	-1287.7	-1079.0	-2393.0
1191	-136	-851	H9	-493.5	15.4	-1284.4	-1079.0	-2393.0
1192	1124	-2160	H9	-518.0	115.9	-1384.1	-1079.0	-2393.0
1193	730	-1904	H9	-587.0	84.1	-1335.2	-1079.0	-2393.0
1194	-541	-674	H9	-607.5	7.6	-1217.7	-1079.0	-2393.0
1196	654	-1375	H9	-360.5	180.3	-1305.7	-1079.0	-2393.0
1197	1278	-2360	H9	-541.0	366.7	-1501.7	-1079.0	-2393.0
1198	217	-1644	H9	-713.5	312.3	-1486.1	-1073.0	-2393.0
1199	-966	-296	H9	-631.0	108.8	-1278.6	-1073.0	-2393.0
1200	-342	-656	H9	-499.0	97.8	-1203.0	-1073.0	-2393.0
1201	969	-2025	H9	-528.0	298.7	-1394.5	-1073.0	-2393.0
1202	956	-2224	H9	-634.0	407.9	-1531.8	-1073.0	-2393.0
1203	-389	-1118	H9	-753.5	256.6	-1427.6	-1073.0	-2393.0
1204	-926	-101	H9	-513.5	91.0	-1247.3	-1073.0	-2371.0
1205	135	-1139	H9	-502.0	158.6	-1293.8	-1073.0	-2371.0
1206	1156	-2413	H9	-628.5	208.8	-1397.6	-1040.0	-2413.0
1207	473	-1922	H9	-724.5	128.3	-1353.8	-1040.0	-2413.0
1208	-811	-609	H9	-710.0	25.5	-1250.3	-1040.0	-2413.0
1209	-470	-280	H9	-375.0	75.1	-1248.7	-1040.0	-2413.0
1210	805	-1621	H9	-408.0	189.8	-1345.2	-1040.0	-2413.0
1211	1189	-2295	H9	-553.0	211.8	-1372.2	-966.0	-2413.0
1212	-88	-1410	H9	-749.0	107.4	-1290.8	-966.0	-2413.0
1214	-209	-684	H9	-446.5	125.4	-1247.4	-966.0	-2413.0
1215	1048	-2024	H9	-488.0	322.8	-1439.7	-966.0	-2413.0
1216	764	-1906	H9	-571.0	385.7	-1516.4	-966.0	-2413.0
1217	-530	-712	H9	-621.0	217.1	-1346.3	-966.0	-2413.0
1219	463	-1273	H9	-405.0	216.1	-1281.4	-966.0	-2413.0
1220	1224	-2412	H9	-594.0	419.6	-1461.7	-966.0	-2413.0
1221	255	-1767	H9	-756.0	492.1	-1610.4	-926.0	-2413.0
1222	-989	-411	H9	-700.0	312.7	-1489.4	-989.0	-2413.0
1223	-425	-611	H9	-518.0	151.3	-1321.0	-989.0	-2413.0
1224	907	-1998	H9	-545.5	250.8	-1379.8	-989.0	-2413.0
1225	1058	-2359	H9	-650.5	377.5	-1547.3	-989.0	-2413.0
1226	-262	-1319	H9	-790.5	246.5	-1476.8	-989.0	-2413.0
1227	-937	-173	H9	-555.0	76.4	-1303.5	-989.0	-2413.0
1228	50	-1072	H9	-511.0	134.4	-1339.5	-989.0	-2412.0
1229	1177	-2375	H9	-599.0	205.8	-1449.7	-989.0	-2412.0
1230	625	-1947	H9	-661.0	145.9	-1403.2	-989.0	-2412.0
1231	-647	-655	H9	-651.0	55.7	-1292.0	-989.0	-2412.0
1232	-446	-204	H9	-325.0	110.0	-1271.3	-989.0	-2412.0
1233	806	-1520	H9	-357.0	233.1	-1362.2	-989.0	-2412.0
1234	1279	-2314	H9	-517.5	270.3	-1393.8	-989.0	-2412.0
1235	88	-1492	H9	-702.0	173.3	-1307.1	-989.0	-2412.0
1236	-1010	-115	H9	-562.5	98.5	-1186.7	-1010.0	-2412.0
1237	-260	-614	H9	-437.0	166.2	-1230.8	-1010.0	-2412.0
1238	1023	-1971	H9	-474.0	263.5	-1320.7	-1010.0	-2412.0
1239	851	-1988	H9	-568.5	230.9	-1282.0	-1010.0	-2412.0
1240	-450	-855	H9	-652.5	123.4	-1172.8	-1010.0	-2375.0
1242	350	-1217	H9	-433.5	223.1	-1229.0	-1010.0	-2375.0
1243	1220	-2435	H9	-607.5	389.7	-1452.1	-1010.0	-2435.0
1244	362	-1857	H9	-747.5	345.3	-1485.8	-1010.0	-2435.0
1245	-935	-503	H9	-719.0	123.9	-1304.7	-1010.0	-2435.0
1246	-408	-507	H9	-457.5	74.3	-1206.2	-1010.0	-2435.0
1247	905	-1889	H9	-492.0	265.8	-1383.6	-1010.0	-2435.0
1248	1159	-2396	H9	-618.5	407.7	-1561.8	-1010.0	-2435.0
1249	-156	-1409	H9	-782.5	289.8	-1505.6	-1010.0	-2435.0
1250	-945	-130	H9	-537.5	110.2	-1319.8	-1010.0	-2435.0
1251	-17	-913	H9	-465.0	153.5	-1325.6	-1010.0	-2435.0
1252	1212	-2249	H9	-518.5	239.7	-1428.8	-1010.0	-2435.0
1253	755	-1922	H9	-583.5	193.2	-1377.5	-1010.0	-2435.0
1254	-535	-671	H9	-603.0	103.5	-1258.9	-1010.0	-2435.0
1255	-470	-108	H9	-289.0	150.0	-1219.4	-1010.0	-2435.0
1256	733	-1413	H9	-340.0	264.1	-1310.0	-1010.0	-2435.0
1257	1322	-2348	H9	-513.0	305.8	-1355.9	-945.0	-2435.0
1258	234	-1573	H9	-669.5	213.3	-1273.6	-945.0	-2435.0
1259	-876	-201	H9	-538.5	141.3	-1152.8	-945.0	-2435.0
1260	-183	-497	H9	-340.0	217.5	-1189.5	-945.0	-2435.0
1261	1070	-1591	H9	-260.5	326.2	-1257.3	-945.0	-2435.0
1262	1047	-1428	H9	-190.5	309.7	-1175.2	-945.0	-2435.0
1263	-64	-199	H9	-131.5	227.8	-1002.9	-945.0	-2396.0
1266	1731	-907	H9	412.0	454.4	-1026.5	-945.0	-2396.0
1312	2163	-317	H9	923.0	717.7	-1047.4	-945.0	-2396.0
1316	1837	-582	H9	627.5	828.1	-964.3	-945.0	-2396.0
1317	1868	-1114	H9	377.0	882.7	-840.9	-945.0	-2396.0
1318	532	-299	H9	116.5	912.5	-713.5	-945.0	-2348.0
1320	918	-531	H9	193.5	1091.9	-746.5	-945.0	-2348.0
1321	1909	-2031	H9	-61.0	1301.1	-899.9	-876.0	-2348.0
1322	1162	-1687	H9	-262.5	1310.3	-909.5	-876.0	-2348.0
1323	-210	-448	H9	-329.0	1184.6	-811.5	-876.0	-2348.0
1324	53	-240	H9	-93.5	1196.3	-815.6	-876.0	-2348.0
1325	1265	-1657	H9	-196.0	1149.7	-890.6	-876.0	-2348.0
1326	1615	-2308	H9	-346.5	1094.9	-1089.7	-876.0	-2348.0
1327	298	-1407	H9	-554.5	941.0	-1172.2	-876.0	-2348.0
1329	170	-774	H9	-302.0	771.2	-1138.2	-876.0	-2308.0
1330	1438	-2153	H9	-357.5	861.8	-1323.6	-876.0	-2308.0
1331	1060	-1934	H9	-437.0	876.0	-1463.9	-210.0	-2308.0
1332	-223	-753	H9	-488.0	662.8	-1336.1	-223.0	-2308.0
1334	838	-1393	H9	-277.5	630.4	-1306.7	-223.0	-2308.0
1335	1495	-2427	H9	-466.0	800.9	-1504.6	-223.0	-2427.0
1336	489	-1758	H9	-634.5	844.5	-1656.4	-223.0	-2427.0
1337	-686	-416	H9	-551.0	649.4	-1532.3	-686.0	-2427.0
1338	-90	-747	H9	-418.5	478.9	-1376.2	-686.0	-2427.0
1339	1188	-2108	H9	-460.0	567.9	-1446.3	-686.0	-2427.0
1340	1208	-2323	H9	-557.5	671.7	-1601.2	-686.0	-2427.0
1341	-53	-1280	H9	-666.5	522.6	-1513.9	-686.0	-2427.0
1342	-611	-201	H9	-406.0	355.5	-1340.6	-686.0	-2427.0
1343	428	-1216	H9	-394.0	420.6	-1386.9	-686.0	-2427.0
1344	1475	-2499	H9	-512.0	484.3	-1497.5	-686.0	-2499.0
1345	855	-2033	H9	-589.0	420.3	-1458.1	-686.0	-2499.0
1346	-412	-719	H9	-565.5	330.2	-1354.2	-686.0	-2499.0
1347	-145	-336	H9	-240.5	384.3	-1346.2	-686.0	-2499.0
1348	1103	-1669	H9	-283.0	503.6	-1438.4	-686.0	-2499.0
1349	1496	-2358	H9	-431.0	534.4	-1463.4	-686.0	-2499.0
1350	283	-1530	H9	-623.5	441.9	-1384.1	-686.0	-2499.0
1351	-743	-193	H9	-468.0	372.9	-1275.4	-743.0	-2499.0
1352	3	-745	H9	-371.0	434.3	-1329.8	-743.0	-2499.0
1353	1266	-2095	H9	-414.5	518.1	-1417.7	-743.0	-2499.0
1354	1023	-2008	H9	-492.5	472.9	-1368.6	-743.0	-2499.0
1355	-251	-849	H9	-550.0	362.3	-1250.2	-743.0	-2499.0
1357	650	-1315	H9	-332.5	468.5	-1309.8	-743.0	-2499.0
1358	1430	-2482	H9	-526.0	626.0	-1524.4	-743.0	-2499.0
1359	545	-1881	H9	-668.0	570.2	-1545.6	-743.0	-2499.0
1360	-705	-523	H9	-614.0	350.1	-1362.1	-743.0	-2499.0
1361	-162	-623	H9	-392.5	305.6	-1271.4	-743.0	-2499.0
1362	1145	-2019	H9	-437.0	494.4	-1454.0	-743.0	-2499.0
1363	1294	-2414	H9	-560.0	623.5	-1620.9	-743.0	-2499.0
1364	51	-1453	H9	-701.0	502.0	-1556.7	-743.0	-2499.0
1365	-661	-242	H9	-451.5	333.6	-1380.1	-743.0	-2482.0
1366	297	-1106	H9	-404.5	388.4	-1405.8	-743.0	-2482.0
1367	1462	-2435	H9	-486.5	469.6	-1517.8	-743.0	-2482.0
1368	985	-2052	H9	-533.5	425.1	-1474.8	-743.0	-2482.0
1369	-278	-804	H9	-541.0	342.8	-1367.1	-743.0	-2482.0
1370	-174	-284	H9	-229.0	395.9	-1343.2	-743.0	-2482.0
1371	1039	-1584	H9	-272.5	516.0	-1439.3	-743.0	-2482.0
1372	1573	-2444	H9	-435.5	558.8	-1481.8	-705.0	-2482.0
1373	476	-1667	H9	-595.5	477.0	-1407.1	-705.0	-2482.0
1374	-684	-291	H9	-487.5	403.5	-1290.9	-705.0	-2482.0
1375	-19	-741	H9	-380.0	467.7	-1340.8	-705.0	-2482.0
1376	1244	-2110	H9	-433.0	562.4	-1441.2	-705.0	-2482.0
1377	1126	-2178	H9	-526.0	528.8	-1415.5	-705.0	-2482.0
1378	-154	-1081	H9	-617.5	414.9	-1318.4	-705.0	-2444.0
1379	-563	-145	H9	-354.0	386.4	-1252.5	-705.0	-2444.0
1380	468	-1209	H9	-370.5	450.6	-1345.0	-684.0	-2444.0
1381	1377	-2213	H9	-418.0	484.4	-1407.9	-684.0	-2444.0
1382	741	-1455	H9	-357.0	401.2	-1309.0	-684.0	-2444.0
1385	1431	-820	H9	305.5	496.7	-1224.3	-684.0	-2444.0
1386	1706	-1006	H9	350.0	735.7	-1295.8	-684.0	-2444.0
