	X	Y	Label	meanY	avgX	avgY	minX	minY
97	2030	-96	I5	967.0				
313	2151	-131	I5	1010.0				
487	2086	-124	I5	981.0				
501	2145	-111	I5	1017.0				
652	2126	-158	I5	984.0				
886	2049	-216	I5	916.5				
891	1981	-128	I5	926.5				
895	2079	-229	I5	925.0				
900	2162	-211	I5	975.5				
1042	2091	-184	I5	953.5	2090.0	-158.8		
1047	1971	-97	I5	937.0	2084.1	-158.9		
1051	2125	-237	I5	944.0	2081.5	-169.5		
1198	2131	-131	I5	1000.0	2086.0	-170.2		
1207	1988	-107	I5	940.5	2070.3	-169.8		
1386	2187	-107	I5	1040.0	2076.4	-164.7		
1491	1985	-342	I5	821.5	2070.0	-177.3		
1492	1688	-522	I5	583.0	2040.7	-216.7		
1531	2020	-97	I5	961.5	2034.8	-203.5		
