	X	Y	Label	meanY	avgX	avgY	minX	minY
9	2113	-96	I10	1008.5				
18	2085	-145	I10	970.0				
23	2103	-90	I10	1006.5				
32	2160	-170	I10	995.0				
55	2111	-139	I10	986.0				
78	2150	-114	I10	1018.0				
87	2145	-149	I10	998.0				
96	2070	-97	I10	986.5				
142	2225	-106	I10	1059.5				
151	2077	-126	I10	975.5	2123.9	-123.2		
165	2109	-150	I10	979.5	2123.5	-128.6		
183	2095	-106	I10	994.5	2124.5	-124.7		
188	2114	-88	I10	1013.0	2125.6	-124.5		
197	2185	-131	I10	1027.0	2128.1	-120.6		
206	2088	-152	I10	968.0	2125.8	-121.9		
220	2166	-225	I10	970.5	2127.4	-133.0		
229	2080	-447	I10	816.5	2120.9	-162.8		
233	1848	-114	I10	867.0	2098.7	-164.5		
234	1971	-568	I10	701.5	2073.3	-210.7		
238	2130	-920	I10	605.0	2078.6	-290.1	1848.0	-920.0
239	1500	-499	I10	500.5	2017.7	-325.0	1500.0	-920.0
242	1795	-516	I10	639.5	1987.7	-366.0	1500.0	-920.0
243	2169	-1487	I10	341.0	1993.2	-505.9	1500.0	-1487.0
244	881	-645	I10	118.0	1862.8	-557.3	881.0	-1487.0
246	804	-113	I10	345.5	1734.4	-553.4	804.0	-1487.0
247	2094	-1774	I10	160.0	1727.2	-708.3	804.0	-1774.0
248	1776	-1790	I10	-7.0	1696.8	-842.6	804.0	-1790.0
249	454	-584	I10	-65.0	1557.4	-889.6	454.0	-1790.0
251	1610	-1494	I10	58.0	1521.3	-982.2	454.0	-1790.0
252	2200	-2685	I10	-242.5	1528.3	-1158.7	454.0	-2685.0
253	1203	-1944	I10	-370.5	1498.6	-1303.2	454.0	-2685.0
254	-23	-553	I10	-288.0	1316.8	-1306.9	-23.0	-2685.0
255	653	-910	I10	-128.5	1165.2	-1249.2	-23.0	-2685.0
256	1937	-2415	I10	-239.0	1270.8	-1426.2	-23.0	-2685.0
257	1937	-2639	I10	-351.0	1384.1	-1678.8	-23.0	-2685.0
258	638	-1440	I10	-401.0	1238.5	-1645.4	-23.0	-2685.0
259	56	-451	I10	-197.5	1066.5	-1511.5	-23.0	-2685.0
260	1151	-1545	I10	-197.0	1136.2	-1607.6	-23.0	-2685.0
261	2025	-2851	I10	-413.0	1177.7	-1743.3	-23.0	-2851.0
262	1415	-2309	I10	-447.0	1099.2	-1705.7	-23.0	-2851.0
263	178	-934	I10	-378.0	996.7	-1604.7	-23.0	-2851.0
264	508	-642	I10	-67.0	1049.8	-1613.6	-23.0	-2851.0
265	1764	-2073	I10	-154.5	1160.9	-1729.9	-23.0	-2851.0
266	2047	-2755	I10	-354.0	1171.9	-1763.9	-23.0	-2851.0
267	817	-1754	I10	-468.5	1059.9	-1675.4	-23.0	-2851.0
268	-178	-371	I10	-274.5	978.3	-1568.5	-178.0	-2851.0
269	683	-999	I10	-158.0	1041.0	-1623.3	-178.0	-2851.0
270	1887	-2408	I10	-260.5	1114.6	-1709.6	-178.0	-2851.0
271	1658	-2270	I10	-306.0	1077.9	-1651.5	-178.0	-2851.0
272	373	-948	I10	-287.5	973.7	-1515.4	-178.0	-2851.0
273	183	-255	I10	-36.0	974.2	-1447.5	-178.0	-2851.0
274	1366	-1604	I10	-119.0	1060.0	-1543.7	-178.0	-2851.0
275	1991	-2775	I10	-392.0	1082.7	-1613.9	-178.0	-2851.0
276	1133	-2053	I10	-460.0	991.3	-1543.7	-178.0	-2851.0
277	-58	-683	I10	-370.5	903.8	-1436.6	-178.0	-2851.0
278	539	-905	I10	-183.0	975.5	-1490.0	-178.0	-2851.0
279	1830	-2359	I10	-264.5	1090.2	-1626.0	-178.0	-2851.0
280	1880	-2720	I10	-420.0	1089.5	-1657.2	-178.0	-2851.0
281	610	-1566	I10	-478.0	984.7	-1586.8	-178.0	-2775.0
282	-63	-488	I10	-275.5	941.1	-1540.8	-178.0	-2775.0
283	976	-1439	I10	-231.5	1020.4	-1659.2	-178.0	-2775.0
284	1978	-2832	I10	-427.0	1081.6	-1782.0	-178.0	-2832.0
285	1485	-2349	I10	-432.0	1031.0	-1739.4	-178.0	-2832.0
286	217	-979	I10	-381.0	939.4	-1632.0	-178.0	-2832.0
287	357	-551	I10	-97.0	980.9	-1618.8	-178.0	-2832.0
288	1636	-1980	I10	-172.0	1090.6	-1726.3	-63.0	-2832.0
289	2018	-2820	I10	-401.0	1109.4	-1772.4	-63.0	-2832.0
290	903	-1877	I10	-487.0	1011.7	-1688.1	-63.0	-2832.0
291	-220	-502	I10	-361.0	928.7	-1581.7	-220.0	-2832.0
292	560	-989	I10	-214.5	991.0	-1631.8	-220.0	-2832.0
293	1784	-2415	I10	-315.5	1071.8	-1729.4	-220.0	-2832.0
294	1696	-2414	I10	-359.0	1043.6	-1687.6	-220.0	-2832.0
295	443	-1164	I10	-360.5	939.4	-1569.1	-220.0	-2832.0
296	59	-350	I10	-145.5	923.6	-1506.2	-220.0	-2832.0
297	1215	-1581	I10	-183.0	1009.4	-1609.2	-220.0	-2832.0
298	1950	-2807	I10	-428.5	1040.8	-1691.9	-220.0	-2832.0
299	1211	-2180	I10	-484.5	960.1	-1627.9	-220.0	-2832.0
300	-23	-813	I10	-418.0	867.5	-1521.5	-220.0	-2832.0
301	500	-780	I10	-140.0	939.5	-1549.3	-220.0	-2832.0
302	1785	-2235	I10	-225.0	1062.0	-1673.9	-220.0	-2832.0
303	1945	-2761	I10	-408.0	1078.1	-1708.5	-220.0	-2832.0
304	647	-1652	I10	-502.5	973.2	-1632.3	-220.0	-2820.0
305	-192	-425	I10	-308.5	909.7	-1558.4	-220.0	-2820.0
306	786	-1214	I10	-214.0	982.4	-1644.8	-220.0	-2820.0
307	1913	-2610	I10	-348.5	1052.2	-1747.7	-220.0	-2820.0
308	1582	-2311	I10	-364.5	1015.4	-1698.1	-220.0	-2820.0
309	324	-972	I10	-324.0	926.7	-1577.3	-220.0	-2807.0
310	306	-418	I10	-56.0	959.6	-1537.8	-220.0	-2807.0
311	1532	-1802	I10	-135.0	1062.8	-1640.0	-192.0	-2807.0
312	2035	-2819	I10	-392.0	1087.8	-1698.4	-192.0	-2819.0
313	1058	-1981	I10	-461.5	999.1	-1620.4	-192.0	-2819.0
314	-74	-639	I10	-356.5	927.0	-1519.1	-192.0	-2819.0
315	585	-987	I10	-201.0	1004.7	-1575.3	-192.0	-2819.0
316	1832	-2407	I10	-287.5	1109.3	-1694.6	-192.0	-2819.0
317	1832	-2604	I10	-386.0	1101.2	-1694.0	-192.0	-2819.0
318	543	-1411	I10	-434.0	997.3	-1604.0	-192.0	-2819.0
319	-10	-455	I10	-232.5	963.9	-1552.3	-192.0	-2819.0
320	1051	-1491	I10	-220.0	1038.4	-1659.6	-192.0	-2819.0
321	1925	-2791	I10	-433.0	1077.7	-1758.5	-192.0	-2819.0
322	1378	-2263	I10	-442.5	1012.0	-1702.9	-192.0	-2819.0
323	172	-935	I10	-381.5	923.4	-1598.3	-192.0	-2819.0
324	462	-646	I10	-92.0	977.0	-1599.0	-192.0	-2819.0
325	1714	-2013	I10	-149.5	1089.9	-1701.6	-74.0	-2819.0
326	1997	-2711	I10	-357.0	1106.4	-1732.0	-74.0	-2819.0
327	823	-1746	I10	-461.5	1005.5	-1646.2	-74.0	-2819.0
328	-166	-421	I10	-293.5	934.6	-1547.2	-166.0	-2819.0
329	652	-968	I10	-158.0	1000.8	-1598.5	-166.0	-2819.0
330	1835	-2355	I10	-260.0	1079.2	-1684.9	-166.0	-2819.0
331	1697	-2283	I10	-293.0	1056.4	-1634.1	-166.0	-2819.0
332	442	-1027	I10	-292.5	962.8	-1510.5	-166.0	-2791.0
333	147	-291	I10	-72.0	960.3	-1446.1	-166.0	-2791.0
334	1275	-1540	I10	-132.5	1041.6	-1535.5	-166.0	-2791.0
335	1949	-2717	I10	-384.0	1065.1	-1605.9	-166.0	-2791.0
336	1199	-2087	I10	-444.0	985.3	-1543.5	-166.0	-2791.0
337	10	-759	I10	-374.5	904.0	-1444.8	-166.0	-2791.0
338	557	-830	I10	-136.5	976.3	-1485.7	-166.0	-2791.0
339	1823	-2252	I10	-214.5	1093.4	-1614.1	-166.0	-2791.0
340	1945	-2725	I10	-390.0	1104.4	-1651.1	-166.0	-2791.0
341	680	-1625	I10	-472.5	1002.7	-1585.3	-166.0	-2725.0
342	-85	-451	I10	-268.0	950.0	-1527.7	-166.0	-2725.0
343	918	-1289	I10	-185.5	1027.1	-1627.5	-166.0	-2725.0
344	2018	-2708	I10	-345.0	1101.4	-1744.3	-166.0	-2725.0
345	1616	-2357	I10	-370.5	1068.1	-1708.3	-166.0	-2725.0
346	306	-983	I10	-338.5	978.8	-1597.9	-166.0	-2725.0
347	324	-452	I10	-64.0	1010.2	-1567.2	-166.0	-2725.0
348	1546	-1853	I10	-153.5	1109.1	-1669.5	-85.0	-2725.0
349	2013	-2826	I10	-406.5	1128.1	-1726.9	-85.0	-2826.0
350	982	-1962	I10	-490.0	1031.8	-1650.6	-85.0	-2826.0
351	-171	-581	I10	-376.0	946.7	-1546.2	-171.0	-2826.0
352	503	-956	I10	-226.5	1005.5	-1596.7	-171.0	-2826.0
353	1701	-2359	I10	-329.0	1083.8	-1703.7	-171.0	-2826.0
354	1701	-2483	I10	-391.0	1052.1	-1681.2	-171.0	-2826.0
355	451	-1300	I10	-424.5	935.6	-1575.5	-171.0	-2826.0
356	-23	-396	I10	-209.5	902.7	-1516.8	-171.0	-2826.0
357	1067	-1476	I10	-204.5	977.0	-1619.2	-171.0	-2826.0
358	1907	-2591	I10	-342.0	1013.1	-1693.0	-171.0	-2826.0
359	1317	-1790	I10	-236.5	943.5	-1589.4	-171.0	-2826.0
360	180	-335	I10	-77.5	863.3	-1426.7	-171.0	-2826.0
361	548	-105	I10	221.5	935.2	-1379.1	-171.0	-2826.0
362	1753	-1146	I10	303.5	1060.2	-1398.1	-171.0	-2826.0
363	2030	-1393	I10	318.5	1093.1	-1301.5	-171.0	-2826.0
364	846	-134	I10	356.0	1007.6	-1066.6	-171.0	-2826.0
367	1957	-161	I10	898.0	1158.2	-952.7	-171.0	-2826.0
381	2156	-106	I10	1025.0	1376.1	-923.7	-171.0	-2826.0
395	2156	-89	I10	1033.5	1485.0	-785.0	-171.0	-2826.0
418	2139	-733	I10	703.0	1508.2	-599.2	-171.0	-2826.0
422	2049	-907	I10	571.0	1581.4	-510.9	-171.0	-2591.0
423	1818	-1098	I10	360.0	1745.2	-587.2	-171.0	-2591.0
426	1466	-651	I10	407.5	1837.0	-641.8	-23.0	-2591.0
427	2218	-2128	I10	45.0	1883.5	-740.0	-23.0	-2591.0
428	1327	-1570	I10	-121.5	1813.2	-757.7	-23.0	-2591.0
429	26	-234	I10	-104.0	1731.2	-767.7	-23.0	-2591.0
430	628	-508	I10	60.0	1598.3	-802.4	-23.0	-2591.0
431	1971	-2090	I10	-59.5	1579.8	-1000.8	26.0	-2591.0
432	2038	-2546	I10	-254.0	1568.0	-1246.5	26.0	-2591.0
433	729	-1464	I10	-367.5	1427.0	-1319.6	26.0	-2546.0
434	22	-422	I10	-200.0	1224.3	-1271.1	22.0	-2546.0
435	1063	-1423	I10	-180.0	1148.8	-1303.6	22.0	-2546.0
436	2036	-2808	I10	-386.0	1205.8	-1519.3	22.0	-2808.0
437	1517	-2318	I10	-400.5	1135.7	-1538.3	22.0	-2808.0
438	250	-964	I10	-357.0	1028.0	-1477.7	22.0	-2808.0
439	455	-586	I10	-65.5	1070.9	-1512.9	22.0	-2808.0
440	1703	-2011	I10	-154.0	1178.4	-1663.2	22.0	-2808.0
441	2047	-2786	I10	-369.5	1186.0	-1732.8	22.0	-2808.0
442	921	-1854	I10	-466.5	1074.3	-1663.6	22.0	-2808.0
443	-156	-489	I10	-322.5	985.8	-1566.1	-156.0	-2808.0
444	625	-1004	I10	-189.5	1046.1	-1624.3	-156.0	-2808.0
445	1793	-2383	I10	-295.0	1119.1	-1720.3	-156.0	-2808.0
446	1692	-2362	I10	-335.0	1084.7	-1675.7	-156.0	-2808.0
447	462	-1145	I10	-341.5	979.2	-1558.4	-156.0	-2808.0
448	113	-362	I10	-124.5	965.5	-1498.2	-156.0	-2808.0
449	1216	-1578	I10	-181.0	1041.6	-1597.4	-156.0	-2808.0
450	1925	-2742	I10	-408.5	1063.8	-1670.5	-156.0	-2808.0
451	1202	-2144	I10	-471.0	979.3	-1606.3	-156.0	-2808.0
452	-2	-811	I10	-406.5	887.0	-1502.0	-156.0	-2808.0
453	533	-815	I10	-141.0	955.9	-1534.6	-156.0	-2808.0
454	1794	-2245	I10	-225.5	1072.8	-1658.7	-156.0	-2808.0
455	1958	-2757	I10	-399.5	1089.3	-1696.1	-156.0	-2808.0
456	691	-1671	I10	-490.0	989.2	-1627.0	-156.0	-2786.0
457	-143	-438	I10	-290.5	928.7	-1556.3	-156.0	-2786.0
458	821	-1212	I10	-195.5	999.5	-1641.3	-156.0	-2786.0
459	1969	-2618	I10	-324.5	1074.8	-1745.3	-156.0	-2786.0
460	1638	-2336	I10	-349.0	1046.1	-1704.7	-156.0	-2786.0
461	378	-989	I10	-305.5	963.7	-1589.2	-156.0	-2757.0
462	347	-418	I10	-35.5	998.6	-1549.9	-156.0	-2757.0
463	1537	-1786	I10	-124.5	1099.0	-1647.0	-143.0	-2757.0
464	2046	-2802	I10	-378.0	1124.2	-1702.7	-143.0	-2802.0
465	1066	-1988	I10	-461.0	1035.0	-1625.8	-143.0	-2802.0
466	-83	-650	I10	-366.5	957.6	-1523.7	-143.0	-2802.0
467	603	-985	I10	-191.0	1032.2	-1578.4	-143.0	-2802.0
468	1848	-2411	I10	-281.5	1134.9	-1698.3	-143.0	-2802.0
469	1848	-2616	I10	-384.0	1122.8	-1698.1	-143.0	-2802.0
470	593	-1436	I10	-421.5	1018.3	-1608.1	-143.0	-2802.0
471	28	-472	I10	-222.0	983.3	-1556.4	-143.0	-2802.0
472	1104	-1530	I10	-213.0	1059.0	-1667.6	-143.0	-2802.0
473	1995	-2845	I10	-425.0	1104.8	-1773.5	-143.0	-2845.0
474	1442	-2311	I10	-434.5	1044.4	-1724.4	-143.0	-2845.0
475	239	-977	I10	-369.0	961.7	-1623.3	-143.0	-2845.0
476	527	-670	I10	-71.5	1022.7	-1625.3	-143.0	-2845.0
477	1746	-2057	I10	-155.5	1137.0	-1732.5	-83.0	-2845.0
478	2043	-2767	I10	-362.0	1156.5	-1768.1	-83.0	-2845.0
479	890	-1808	I10	-459.0	1060.7	-1687.3	-83.0	-2845.0
480	-129	-482	I10	-305.5	988.5	-1591.9	-129.0	-2845.0
481	667	-1017	I10	-175.0	1052.4	-1646.4	-129.0	-2845.0
482	1817	-2348	I10	-265.5	1123.7	-1728.2	-129.0	-2845.0
483	1700	-2295	I10	-297.5	1094.2	-1673.2	-129.0	-2845.0
484	486	-1085	I10	-299.5	998.6	-1550.6	-129.0	-2845.0
485	187	-341	I10	-77.0	993.4	-1487.0	-129.0	-2845.0
486	1267	-1559	I10	-146.0	1067.4	-1575.9	-129.0	-2845.0
487	1946	-2712	I10	-383.0	1087.4	-1641.4	-129.0	-2845.0
488	1215	-2108	I10	-446.5	1004.6	-1575.5	-129.0	-2845.0
489	36	-809	I10	-386.5	919.2	-1475.6	-129.0	-2845.0
490	551	-816	I10	-132.5	987.2	-1509.0	-129.0	-2845.0
491	1778	-2200	I10	-211.0	1098.3	-1627.3	-129.0	-2845.0
492	1912	-2714	I10	-401.0	1107.8	-1663.9	-129.0	-2845.0
493	678	-1649	I10	-485.5	1005.6	-1599.3	-129.0	-2767.0
494	-127	-432	I10	-279.5	944.3	-1534.0	-129.0	-2767.0
495	804	-1182	I10	-189.0	1006.0	-1618.1	-129.0	-2767.0
496	1954	-2565	I10	-305.5	1074.7	-1718.7	-129.0	-2767.0
497	1645	-2289	I10	-322.0	1044.6	-1676.4	-129.0	-2767.0
498	418	-970	I10	-276.0	964.9	-1562.6	-129.0	-2714.0
499	353	-401	I10	-24.0	996.6	-1521.8	-129.0	-2714.0
500	1527	-1757	I10	-115.0	1094.2	-1615.9	-127.0	-2714.0
501	2051	-2805	I10	-377.0	1121.5	-1676.4	-127.0	-2805.0
502	1104	-2009	I10	-452.5	1040.7	-1605.9	-127.0	-2805.0
503	-24	-673	I10	-348.5	970.5	-1508.3	-127.0	-2805.0
504	601	-978	I10	-188.5	1043.3	-1562.9	-127.0	-2805.0
505	1827	-2389	I10	-281.0	1145.6	-1683.6	-127.0	-2805.0
506	1827	-2624	I10	-398.5	1132.9	-1689.5	-127.0	-2805.0
507	561	-1461	I10	-450.0	1024.5	-1606.7	-127.0	-2805.0
508	-36	-474	I10	-255.0	979.1	-1557.1	-127.0	-2805.0
509	1027	-1480	I10	-226.5	1046.5	-1665.0	-127.0	-2805.0
510	1944	-2806	I10	-431.0	1088.2	-1769.9	-127.0	-2806.0
511	1427	-2297	I10	-435.0	1025.8	-1719.1	-127.0	-2806.0
512	217	-970	I10	-376.5	937.1	-1615.2	-127.0	-2806.0
513	434	-638	I10	-102.0	982.9	-1611.7	-127.0	-2806.0
514	1656	-2005	I10	-174.5	1088.4	-1714.4	-36.0	-2806.0
515	1979	-2761	I10	-391.0	1103.6	-1751.6	-36.0	-2806.0
516	853	-1826	I10	-486.5	1006.2	-1671.8	-36.0	-2806.0
517	-185	-507	I10	-346.0	931.6	-1576.4	-185.0	-2806.0
518	584	-1000	I10	-208.0	993.6	-1629.0	-185.0	-2806.0
519	1742	-2357	I10	-307.5	1065.1	-1716.7	-185.0	-2806.0
520	1669	-2336	I10	-333.5	1037.6	-1669.7	-185.0	-2806.0
521	442	-1123	I10	-340.5	939.1	-1552.3	-185.0	-2806.0
522	92	-344	I10	-126.0	926.6	-1489.7	-185.0	-2806.0
523	1203	-1552	I10	-174.5	1003.5	-1581.1	-185.0	-2806.0
524	1929	-2744	I10	-407.5	1030.8	-1655.0	-185.0	-2806.0
525	1218	-2148	I10	-465.0	954.7	-1593.7	-185.0	-2806.0
526	28	-832	I10	-402.0	872.2	-1494.3	-185.0	-2806.0
527	502	-789	I10	-143.5	940.9	-1522.5	-185.0	-2806.0
528	1749	-2198	I10	-224.5	1057.4	-1642.3	-185.0	-2806.0
529	1924	-2742	I10	-409.0	1075.6	-1680.8	-185.0	-2806.0
530	661	-1686	I10	-512.5	974.8	-1615.8	-185.0	-2761.0
531	-194	-441	I10	-317.5	911.2	-1547.6	-194.0	-2761.0
532	743	-1190	I10	-223.5	976.3	-1632.2	-194.0	-2761.0
533	1895	-2580	I10	-342.5	1045.5	-1735.0	-194.0	-2761.0
534	1589	-2317	I10	-364.0	1011.5	-1692.3	-194.0	-2761.0
535	324	-1009	I10	-342.5	922.1	-1578.4	-194.0	-2744.0
536	267	-424	I10	-78.5	946.0	-1537.6	-194.0	-2744.0
537	1454	-1662	I10	-104.0	1041.2	-1624.9	-194.0	-2744.0
538	1992	-2398	I10	-203.0	1065.5	-1644.9	-194.0	-2744.0
539	1075	-1311	I10	-118.0	980.6	-1501.8	-194.0	-2744.0
542	1916	-1096	I10	410.0	1106.1	-1442.8	-194.0	-2744.0
543	1916	-875	I10	520.5	1317.1	-1486.2	-194.0	-2744.0
547	2168	-279	I10	944.5	1459.6	-1395.1	-194.0	-2744.0
561	2120	-97	I10	1011.5	1482.1	-1146.8	-194.0	-2744.0
584	2142	-157	I10	992.5	1537.4	-930.8	-194.0	-2742.0
593	2061	-114	I10	973.5	1711.1	-841.3	-194.0	-2742.0
607	2127	-93	I10	1017.0	1897.1	-808.2	-194.0	-2742.0
625	2074	-184	I10	945.0	1959.1	-660.4	-194.0	-2742.0
630	2087	-666	I10	710.5	1968.6	-487.2	-194.0	-2742.0
634	2027	-636	I10	695.5	2063.8	-419.7	-194.0	-2580.0
635	1777	-699	I10	539.0	2049.9	-380.0	-194.0	-2580.0
638	1473	-283	I10	595.0	2005.6	-320.8	267.0	-2580.0
639	2174	-1636	I10	269.0	2006.2	-456.5	267.0	-2580.0
640	1288	-1029	I10	129.5	1923.0	-549.7	267.0	-2398.0
643	2008	-1595	I10	206.5	1909.6	-693.5	267.0	-2398.0
644	2074	-2086	I10	-6.0	1910.9	-890.7	267.0	-2398.0
645	768	-1015	I10	-123.5	1775.0	-982.9	768.0	-2398.0
647	1171	-1058	I10	56.5	1684.7	-1070.3	768.0	-2398.0
648	2157	-2502	I10	-172.5	1691.7	-1253.9	768.0	-2502.0
649	1618	-2068	I10	-225.0	1650.8	-1397.1	768.0	-2502.0
650	352	-770	I10	-209.0	1508.3	-1404.2	352.0	-2502.0
651	576	-426	I10	75.0	1418.6	-1418.5	352.0	-2502.0
652	1805	-1872	I10	-33.5	1381.7	-1442.1	352.0	-2502.0
653	2115	-2637	I10	-261.0	1464.4	-1602.9	352.0	-2637.0
654	973	-1763	I10	-395.0	1360.9	-1619.7	352.0	-2637.0
655	-67	-468	I10	-267.5	1146.8	-1457.9	-67.0	-2637.0
656	739	-1019	I10	-140.0	1143.9	-1458.3	-67.0	-2637.0
657	1906	-2404	I10	-249.0	1217.4	-1592.9	-67.0	-2637.0
658	1778	-2354	I10	-288.0	1179.5	-1578.1	-67.0	-2637.0
659	549	-1131	I10	-291.0	1072.6	-1484.4	-67.0	-2637.0
660	198	-376	I10	-89.0	1057.2	-1445.0	-67.0	-2637.0
661	1302	-1616	I10	-157.0	1129.8	-1564.0	-67.0	-2637.0
662	1990	-2779	I10	-394.5	1148.3	-1654.7	-67.0	-2779.0
663	1259	-2172	I10	-456.5	1062.7	-1608.2	-67.0	-2779.0
664	66	-856	I10	-395.0	972.0	-1517.5	-67.0	-2779.0
665	567	-860	I10	-146.5	1035.4	-1556.7	-67.0	-2779.0
666	1780	-2240	I10	-230.0	1139.5	-1678.8	-67.0	-2779.0
667	1912	-2720	I10	-404.0	1140.1	-1710.4	-67.0	-2779.0
668	687	-1662	I10	-487.5	1031.0	-1641.2	-67.0	-2779.0
669	-111	-456	I10	-283.5	965.0	-1573.7	-111.0	-2779.0
670	852	-1229	I10	-188.5	1030.4	-1659.0	-111.0	-2779.0
671	1968	-2602	I10	-317.0	1097.0	-1757.6	-111.0	-2779.0
672	1634	-2316	I10	-341.0	1061.4	-1711.3	-111.0	-2779.0
673	371	-1004	I10	-316.5	972.6	-1594.5	-111.0	-2779.0
674	321	-431	I10	-55.0	998.1	-1552.0	-111.0	-2779.0
675	1513	-1785	I10	-136.0	1092.7	-1644.5	-111.0	-2779.0
676	2028	-2814	I10	-393.0	1117.5	-1701.9	-111.0	-2814.0
677	1081	-2015	I10	-467.0	1034.4	-1631.4	-111.0	-2814.0
678	-58	-688	I10	-373.0	959.9	-1534.0	-111.0	-2814.0
679	560	-1011	I10	-225.5	1027.0	-1589.5	-111.0	-2814.0
680	1771	-2390	I10	-309.5	1118.9	-1705.6	-111.0	-2814.0
681	1771	-2622	I10	-425.5	1099.2	-1707.6	-111.0	-2814.0
682	541	-1472	I10	-465.5	989.9	-1623.2	-111.0	-2814.0
683	-26	-493	I10	-259.5	950.2	-1572.1	-111.0	-2814.0
684	1029	-1494	I10	-232.5	1021.0	-1678.4	-111.0	-2814.0
685	1934	-2803	I10	-434.5	1063.1	-1780.2	-111.0	-2814.0
686	1417	-2305	I10	-444.0	1002.0	-1729.3	-111.0	-2814.0
687	216	-986	I10	-385.0	915.5	-1626.4	-111.0	-2814.0
688	457	-658	I10	-100.5	967.0	-1623.4	-111.0	-2814.0
689	1688	-2008	I10	-160.0	1079.8	-1723.1	-58.0	-2814.0
690	2016	-2773	I10	-378.5	1104.3	-1761.4	-58.0	-2814.0
691	898	-1829	I10	-465.5	1017.0	-1682.1	-58.0	-2814.0
692	-149	-503	I10	-326.0	948.0	-1585.2	-149.0	-2814.0
693	629	-1002	I10	-186.5	1013.5	-1636.1	-149.0	-2814.0
694	1779	-2354	I10	-287.5	1088.5	-1722.1	-149.0	-2814.0
695	1681	-2340	I10	-329.5	1063.2	-1675.8	-149.0	-2814.0
696	452	-1114	I10	-331.0	966.7	-1556.7	-149.0	-2803.0
697	103	-334	I10	-115.5	955.4	-1491.5	-149.0	-2803.0
698	1180	-1520	I10	-170.0	1027.7	-1577.7	-149.0	-2803.0
699	1898	-2711	I10	-406.5	1048.7	-1648.0	-149.0	-2803.0
700	1199	-2122	I10	-461.5	967.0	-1582.9	-149.0	-2803.0
701	18	-823	I10	-402.5	879.0	-1482.3	-149.0	-2803.0
702	488	-760	I10	-136.0	942.7	-1508.0	-149.0	-2803.0
703	1728	-2140	I10	-206.0	1052.6	-1621.8	-149.0	-2803.0
704	1907	-2693	I10	-393.0	1065.4	-1655.7	-149.0	-2803.0
705	707	-1667	I10	-480.0	968.0	-1588.4	-149.0	-2773.0
706	-134	-432	I10	-283.0	909.4	-1520.2	-149.0	-2773.0
707	760	-1125	I10	-182.5	975.1	-1599.3	-149.0	-2773.0
708	1913	-2486	I10	-286.5	1048.4	-1695.9	-149.0	-2773.0
709	1664	-2263	I10	-299.5	1025.0	-1651.1	-149.0	-2773.0
710	469	-991	I10	-261.0	952.0	-1538.0	-149.0	-2711.0
711	334	-388	I10	-27.0	983.6	-1494.5	-149.0	-2711.0
712	1491	-1709	I10	-109.0	1083.9	-1589.4	-134.0	-2711.0
713	2035	-2798	I10	-381.5	1114.6	-1655.2	-134.0	-2798.0
714	1171	-2061	I10	-445.0	1041.0	-1592.0	-134.0	-2798.0
715	25	-751	I10	-363.0	972.8	-1500.4	-134.0	-2798.0
716	603	-988	I10	-192.5	1046.5	-1556.0	-134.0	-2798.0
717	1826	-2384	I10	-279.0	1153.1	-1681.9	-134.0	-2798.0
718	1848	-2707	I10	-429.5	1146.6	-1704.0	-134.0	-2798.0
719	599	-1564	I10	-482.5	1040.1	-1634.1	-134.0	-2798.0
720	-68	-507	I10	-287.5	986.4	-1585.7	-134.0	-2798.0
721	988	-1452	I10	-232.0	1051.8	-1692.1	-134.0	-2798.0
722	1972	-2825	I10	-426.5	1099.9	-1803.7	-134.0	-2825.0
723	1473	-2338	I10	-432.5	1043.7	-1757.7	-134.0	-2825.0
724	206	-982	I10	-388.0	947.2	-1649.8	-134.0	-2825.0
725	357	-570	I10	-106.5	980.4	-1631.7	-134.0	-2825.0
726	1613	-1971	I10	-179.0	1081.4	-1730.0	-68.0	-2825.0
727	1992	-2810	I10	-409.0	1098.0	-1772.6	-68.0	-2825.0
728	905	-1882	I10	-488.5	1003.7	-1690.1	-68.0	-2825.0
729	-198	-523	I10	-360.5	924.0	-1586.0	-198.0	-2825.0
730	549	-980	I10	-215.5	985.7	-1633.3	-198.0	-2825.0
731	1742	-2363	I10	-310.5	1061.1	-1724.4	-198.0	-2825.0
732	1673	-2384	I10	-355.5	1031.2	-1680.3	-198.0	-2825.0
733	454	-1170	I10	-358.0	929.3	-1563.5	-198.0	-2825.0
734	73	-357	I10	-142.0	916.0	-1501.0	-198.0	-2825.0
735	1188	-1540	I10	-176.0	999.1	-1598.0	-198.0	-2825.0
736	1943	-2760	I10	-408.5	1032.1	-1676.9	-198.0	-2825.0
737	1264	-2166	I10	-451.0	959.3	-1612.5	-198.0	-2825.0
738	49	-819	I10	-385.0	873.7	-1506.2	-198.0	-2825.0
739	534	-741	I10	-103.5	946.9	-1528.0	-198.0	-2825.0
740	1806	-2178	I10	-186.0	1072.6	-1647.8	-198.0	-2825.0
741	1990	-2755	I10	-382.5	1097.4	-1687.0	-198.0	-2825.0
742	739	-1681	I10	-471.0	1004.0	-1616.7	-198.0	-2810.0
743	-129	-414	I10	-271.5	945.7	-1541.1	-198.0	-2810.0
744	802	-1125	I10	-161.5	1018.6	-1617.9	-198.0	-2810.0
745	1973	-2506	I10	-266.5	1097.1	-1714.5	-198.0	-2810.0
746	1700	-2277	I10	-288.5	1072.8	-1666.2	-198.0	-2810.0
747	461	-978	I10	-258.5	992.5	-1547.4	-198.0	-2760.0
748	372	-382	I10	-5.0	1024.8	-1503.7	-198.0	-2760.0
749	1527	-1712	I10	-92.5	1124.1	-1600.8	-129.0	-2760.0
750	2069	-2783	I10	-357.0	1150.4	-1661.3	-129.0	-2783.0
751	1181	-2036	I10	-427.5	1069.5	-1589.4	-129.0	-2783.0
752	49	-742	I10	-346.5	1000.5	-1495.5	-129.0	-2783.0
753	631	-987	I10	-178.0	1076.5	-1552.8	-129.0	-2783.0
754	1839	-2374	I10	-267.5	1180.2	-1677.7	-129.0	-2783.0
755	1845	-2666	I10	-410.5	1167.4	-1693.7	-129.0	-2783.0
756	609	-1532	I10	-461.5	1058.3	-1619.2	-129.0	-2783.0
757	-46	-496	I10	-271.0	1007.6	-1571.0	-129.0	-2783.0
758	969	-1449	I10	-240.0	1067.3	-1677.7	-129.0	-2783.0
759	1930	-2795	I10	-432.5	1107.6	-1786.0	-129.0	-2795.0
760	1451	-2308	I10	-428.5	1045.8	-1738.5	-129.0	-2795.0
761	213	-967	I10	-377.0	949.0	-1631.6	-129.0	-2795.0
762	393	-569	I10	-88.0	983.4	-1614.3	-129.0	-2795.0
763	1650	-1967	I10	-158.5	1085.3	-1712.3	-46.0	-2795.0
764	2023	-2753	I10	-365.0	1103.7	-1750.2	-46.0	-2795.0
765	960	-1692	I10	-366.0	1015.2	-1652.8	-46.0	-2795.0
766	-79	-298	I10	-188.5	946.4	-1529.4	-79.0	-2795.0
767	703	-600	I10	51.5	1021.3	-1539.8	-79.0	-2795.0
768	1866	-1560	I10	153.0	1111.0	-1550.9	-79.0	-2795.0
769	1766	-1135	I10	315.5	1094.6	-1384.9	-79.0	-2795.0
773	2063	-596	I10	733.5	1155.8	-1213.7	-79.0	-2795.0
787	2150	-105	I10	1022.5	1349.5	-1127.5	-79.0	-2795.0
810	2128	-101	I10	1013.5	1523.0	-1080.7	-79.0	-2795.0
833	2112	-302	I10	905.0	1569.2	-914.2	-79.0	-2795.0
837	2018	-362	I10	828.0	1568.7	-675.1	-79.0	-2795.0
838	1712	-436	I10	638.0	1643.9	-549.5	-79.0	-2795.0
841	1504	-140	I10	682.0	1802.2	-533.7	-79.0	-2795.0
842	2150	-1469	I10	340.5	1946.9	-620.6	-79.0	-2795.0
843	1222	-914	I10	154.0	1882.5	-556.0	-79.0	-2795.0
846	1981	-1630	I10	175.5	1904.0	-605.5	-79.0	-2753.0
847	2020	-2055	I10	-17.5	1899.7	-751.4	-79.0	-2753.0
848	720	-968	I10	-124.0	1756.7	-837.7	-79.0	-2753.0
850	1266	-1149	I10	58.5	1670.5	-942.5	-79.0	-2753.0
851	2187	-2577	I10	-195.0	1678.0	-1170.0	-79.0	-2753.0
852	1591	-2116	I10	-262.5	1635.3	-1345.4	-79.0	-2577.0
853	289	-784	I10	-247.5	1493.0	-1380.2	-79.0	-2577.0
854	593	-489	I10	52.0	1401.9	-1415.1	289.0	-2577.0
855	1860	-1945	I10	-42.5	1372.9	-1462.7	289.0	-2577.0
856	2146	-2649	I10	-251.5	1465.3	-1636.2	289.0	-2649.0
857	930	-1701	I10	-385.5	1360.2	-1643.3	289.0	-2649.0
858	-62	-373	I10	-217.5	1152.0	-1475.1	-62.0	-2649.0
859	760	-1001	I10	-120.5	1156.0	-1478.4	-62.0	-2649.0
860	1921	-2390	I10	-234.5	1221.5	-1602.5	-62.0	-2649.0
861	1715	-2276	I10	-280.5	1174.3	-1572.4	-62.0	-2649.0
862	456	-1007	I10	-275.5	1060.8	-1461.5	-62.0	-2649.0
863	231	-311	I10	-40.0	1055.0	-1414.2	-62.0	-2649.0
864	1345	-1610	I10	-132.5	1130.2	-1526.3	-62.0	-2649.0
865	1971	-2750	I10	-389.5	1141.3	-1606.8	-62.0	-2750.0
866	1177	-2083	I10	-453.0	1044.4	-1550.2	-62.0	-2750.0
867	3	-756	I10	-376.5	951.7	-1455.7	-62.0	-2750.0
868	564	-922	I10	-179.0	1014.3	-1510.6	-62.0	-2750.0
869	1813	-2327	I10	-257.0	1119.6	-1643.2	-62.0	-2750.0
870	1888	-2712	I10	-412.0	1116.3	-1675.4	-62.0	-2750.0
871	629	-1588	I10	-479.5	1007.7	-1606.6	-62.0	-2750.0
872	-84	-471	I10	-277.5	953.7	-1553.0	-84.0	-2750.0
873	936	-1360	I10	-212.0	1024.2	-1657.9	-84.0	-2750.0
874	1988	-2760	I10	-386.0	1088.5	-1772.9	-84.0	-2760.0
875	1570	-2360	I10	-395.0	1048.4	-1733.9	-84.0	-2760.0
876	301	-1002	I10	-350.5	960.8	-1625.8	-84.0	-2760.0
877	359	-521	I10	-81.0	996.4	-1602.3	-84.0	-2760.0
878	1578	-1873	I10	-147.5	1097.8	-1697.4	-84.0	-2760.0
879	2005	-2788	I10	-391.5	1117.0	-1743.5	-84.0	-2788.0
880	989	-1931	I10	-471.0	1027.1	-1665.4	-84.0	-2788.0
881	-116	-595	I10	-355.5	952.6	-1566.1	-116.0	-2788.0
882	597	-978	I10	-190.5	1020.7	-1616.8	-116.0	-2788.0
883	1776	-2340	I10	-282.0	1104.7	-1714.8	-116.0	-2788.0
884	1776	-2441	I10	-332.5	1083.5	-1682.9	-116.0	-2788.0
885	551	-1261	I10	-355.0	981.6	-1573.0	-116.0	-2788.0
886	77	-388	I10	-155.5	959.2	-1511.6	-116.0	-2788.0
887	1173	-1492	I10	-159.5	1040.6	-1608.7	-116.0	-2788.0
888	1991	-2766	I10	-387.5	1081.9	-1698.0	-116.0	-2788.0
889	1392	-2206	I10	-407.0	1020.6	-1639.8	-116.0	-2788.0
890	178	-876	I10	-349.0	939.5	-1534.3	-116.0	-2788.0
891	531	-660	I10	-64.5	1004.2	-1540.8	-116.0	-2788.0
892	1759	-2050	I10	-145.5	1120.4	-1648.0	-116.0	-2788.0
893	2014	-2707	I10	-346.5	1144.2	-1684.7	-116.0	-2788.0
894	787	-1708	I10	-460.5	1045.3	-1611.4	-116.0	-2788.0
895	-163	-372	I10	-267.5	973.9	-1522.5	-163.0	-2788.0
896	699	-978	I10	-139.5	1036.1	-1581.5	-163.0	-2788.0
897	1856	-2355	I10	-249.5	1104.4	-1667.8	-163.0	-2788.0
898	1650	-2213	I10	-281.5	1070.3	-1612.5	-163.0	-2788.0
899	391	-930	I10	-269.5	970.2	-1484.9	-163.0	-2766.0
900	166	-247	I10	-40.5	969.0	-1422.0	-163.0	-2766.0
901	1347	-1553	I10	-103.0	1050.6	-1511.3	-163.0	-2766.0
902	1973	-2721	I10	-374.0	1072.0	-1578.4	-163.0	-2766.0
903	1155	-2034	I10	-439.5	986.1	-1511.1	-163.0	-2766.0
904	-14	-711	I10	-362.5	906.0	-1411.4	-163.0	-2766.0
905	537	-865	I10	-164.0	976.0	-1460.7	-163.0	-2766.0
906	1780	-2271	I10	-245.5	1084.1	-1590.0	-163.0	-2766.0
907	1859	-2672	I10	-406.5	1084.4	-1621.7	-163.0	-2766.0
908	641	-1574	I10	-466.5	983.5	-1557.8	-163.0	-2721.0
909	-83	-470	I10	-276.5	936.1	-1511.8	-163.0	-2721.0
910	919	-1330	I10	-205.5	1011.4	-1620.1	-163.0	-2721.0
911	1958	-2710	I10	-376.0	1072.5	-1735.8	-163.0	-2721.0
912	1564	-2308	I10	-372.0	1031.6	-1694.5	-163.0	-2721.0
913	317	-982	I10	-332.5	947.8	-1589.3	-163.0	-2721.0
914	391	-505	I10	-57.0	988.3	-1568.7	-163.0	-2721.0
915	1596	-1879	I10	-141.5	1094.2	-1670.1	-83.0	-2721.0
916	2027	-2814	I10	-393.5	1118.9	-1724.4	-83.0	-2814.0
917	1009	-1944	I10	-467.5	1033.9	-1651.6	-83.0	-2814.0
918	-120	-603	I10	-361.5	957.8	-1554.5	-120.0	-2814.0
919	573	-977	I10	-202.0	1023.4	-1605.2	-120.0	-2814.0
920	1774	-2359	I10	-292.5	1108.9	-1708.1	-120.0	-2814.0
921	1774	-2475	I10	-350.5	1090.5	-1684.6	-120.0	-2814.0
922	537	-1282	I10	-372.5	987.8	-1582.0	-120.0	-2814.0
923	56	-387	I10	-165.5	961.7	-1522.5	-120.0	-2814.0
924	1136	-1489	I10	-176.5	1036.2	-1620.9	-120.0	-2814.0
925	1974	-2764	I10	-395.0	1074.0	-1709.4	-120.0	-2814.0
926	1364	-2209	I10	-422.5	1007.7	-1648.9	-120.0	-2814.0
927	160	-889	I10	-364.5	922.8	-1543.4	-120.0	-2814.0
928	518	-655	I10	-68.5	986.6	-1548.6	-120.0	-2814.0
929	1754	-2040	I10	-143.0	1104.7	-1654.9	-120.0	-2814.0
930	2004	-2696	I10	-346.0	1127.7	-1688.6	-120.0	-2814.0
931	807	-1725	I10	-459.0	1031.0	-1613.6	-120.0	-2814.0
932	-182	-405	I10	-293.5	959.1	-1525.9	-182.0	-2814.0
933	655	-985	I10	-165.0	1019.0	-1585.7	-182.0	-2814.0
934	1809	-2342	I10	-266.5	1086.3	-1671.0	-182.0	-2814.0
935	1653	-2226	I10	-286.5	1054.2	-1617.2	-182.0	-2814.0
936	437	-989	I10	-276.0	961.5	-1495.2	-182.0	-2764.0
937	194	-297	I10	-51.5	964.9	-1436.0	-182.0	-2764.0
938	1313	-1572	I10	-129.5	1044.4	-1527.7	-182.0	-2764.0
939	1967	-2724	I10	-378.5	1065.7	-1596.1	-182.0	-2764.0
940	1185	-2068	I10	-441.5	983.8	-1533.3	-182.0	-2764.0
941	-1	-732	I10	-366.5	903.0	-1434.0	-182.0	-2764.0
942	560	-872	I10	-156.0	977.2	-1480.7	-182.0	-2764.0
943	1823	-2300	I10	-238.5	1094.0	-1612.2	-182.0	-2764.0
944	1912	-2721	I10	-404.5	1104.3	-1650.1	-182.0	-2764.0
945	657	-1627	I10	-485.0	1004.7	-1590.2	-182.0	-2724.0
946	-72	-471	I10	-271.5	953.8	-1538.4	-182.0	-2724.0
947	915	-1317	I10	-201.0	1025.9	-1640.4	-182.0	-2724.0
948	1991	-2712	I10	-360.5	1093.7	-1754.4	-182.0	-2724.0
949	1613	-2345	I10	-366.0	1058.3	-1716.5	-182.0	-2724.0
950	357	-1024	I10	-333.5	975.5	-1612.1	-182.0	-2724.0
951	404	-529	I10	-62.5	1016.0	-1591.8	-182.0	-2724.0
952	1607	-1874	I10	-133.5	1120.7	-1692.0	-72.0	-2724.0
953	2051	-2796	I10	-372.5	1143.5	-1741.6	-72.0	-2796.0
954	1064	-1883	I10	-409.5	1058.7	-1657.8	-72.0	-2796.0
955	-15	-517	I10	-266.0	991.5	-1546.8	-72.0	-2796.0
956	654	-719	I10	-32.5	1064.1	-1571.6	-72.0	-2796.0
957	1822	-1684	I10	69.0	1154.8	-1608.3	-72.0	-2796.0
958	1822	-1394	I10	214.0	1137.9	-1476.5	-72.0	-2796.0
962	2094	-773	I10	660.5	1186.0	-1319.3	-72.0	-2796.0
976	2191	-95	I10	1048.0	1369.4	-1226.4	-72.0	-2796.0
999	2122	-89	I10	1016.5	1541.2	-1182.4	-72.0	-2796.0
1013	2073	-160	I10	956.5	1587.8	-1011.0	-72.0	-2796.0
1017	2123	-379	I10	872.0	1595.0	-769.3	-72.0	-2796.0
1018	1670	-247	I10	711.5	1655.6	-605.7	-72.0	-2796.0
1021	1676	-192	I10	742.0	1824.7	-573.2	-72.0	-2796.0
1022	2183	-1373	I10	405.0	1977.6	-638.6	-15.0	-2796.0
1023	1109	-723	I10	193.0	1906.3	-542.5	-15.0	-2796.0
1026	1985	-1613	I10	186.0	1922.6	-564.4	-15.0	-2796.0
1027	1857	-1885	I10	-14.0	1898.9	-675.6	-15.0	-2796.0
1028	559	-749	I10	-95.0	1735.7	-741.0	-15.0	-2796.0
1030	1367	-1243	I10	62.0	1660.2	-856.4	-15.0	-2796.0
1031	2153	-2604	I10	-225.5	1668.2	-1100.8	-15.0	-2796.0
1032	1369	-2025	I10	-328.0	1592.8	-1265.4	-15.0	-2604.0
1033	88	-651	I10	-281.5	1434.6	-1305.8	-15.0	-2604.0
1034	629	-671	I10	-21.0	1329.9	-1353.7	88.0	-2604.0
1035	1942	-2184	I10	-121.0	1305.8	-1434.8	88.0	-2604.0
1036	2084	-2694	I10	-305.0	1403.3	-1631.9	88.0	-2694.0
1037	802	-1616	I10	-407.0	1285.0	-1632.2	88.0	-2694.0
1038	2	-433	I10	-215.5	1099.5	-1487.0	2.0	-2694.0
1039	999	-1299	I10	-150.0	1143.5	-1542.0	2.0	-2694.0
1040	2063	-2708	I10	-322.5	1213.1	-1688.5	2.0	-2708.0
1041	1671	-2355	I10	-342.0	1164.9	-1663.6	2.0	-2708.0
1042	402	-1036	I10	-317.0	1068.2	-1564.7	2.0	-2708.0
1043	446	-524	I10	-39.0	1104.0	-1552.0	2.0	-2708.0
1044	1618	-1884	I10	-133.0	1202.9	-1673.3	2.0	-2708.0
1045	2076	-2829	I10	-376.5	1216.3	-1737.8	2.0	-2829.0
1046	1059	-2006	I10	-473.5	1113.8	-1669.0	2.0	-2829.0
1047	-61	-680	I10	-370.5	1027.5	-1575.4	-61.0	-2829.0
1048	614	-1044	I10	-215.0	1088.7	-1636.5	-61.0	-2829.0
1049	1766	-2381	I10	-307.5	1165.4	-1744.7	-61.0	-2829.0
1050	1766	-2522	I10	-378.0	1135.7	-1726.1	-61.0	-2829.0
1051	565	-1383	I10	-409.0	1025.1	-1628.9	-61.0	-2829.0
1052	72	-466	I10	-197.0	992.1	-1571.9	-61.0	-2829.0
1053	1099	-1527	I10	-214.0	1057.4	-1672.2	-61.0	-2829.0
1054	1959	-2794	I10	-417.5	1091.5	-1763.2	-61.0	-2829.0
1055	1389	-2267	I10	-439.0	1022.8	-1707.0	-61.0	-2829.0
1056	219	-953	I10	-367.0	938.8	-1601.7	-61.0	-2829.0
1057	508	-677	I10	-84.5	995.7	-1601.4	-61.0	-2829.0
1058	1711	-2044	I10	-166.5	1105.4	-1701.4	-61.0	-2829.0
1059	2013	-2740	I10	-363.5	1130.1	-1737.3	-61.0	-2829.0
1060	851	-1784	I10	-466.5	1038.6	-1663.5	-61.0	-2829.0
1061	-183	-455	I10	-319.0	963.8	-1570.7	-183.0	-2829.0
1062	624	-1002	I10	-189.0	1019.0	-1624.3	-183.0	-2829.0
1063	1778	-2347	I10	-284.5	1086.9	-1706.3	-183.0	-2829.0
1064	1661	-2283	I10	-311.0	1057.1	-1655.2	-183.0	-2829.0
1065	453	-1073	I10	-310.0	963.5	-1535.8	-183.0	-2794.0
1066	137	-336	I10	-99.5	955.3	-1474.1	-183.0	-2794.0
1067	1260	-1567	I10	-153.5	1030.5	-1563.1	-183.0	-2794.0
1068	1930	-2709	I10	-389.5	1052.4	-1629.6	-183.0	-2794.0
1069	1201	-2113	I10	-456.0	971.2	-1566.9	-183.0	-2794.0
1070	38	-828	I10	-395.0	889.9	-1471.3	-183.0	-2794.0
1071	547	-847	I10	-150.0	962.9	-1510.5	-183.0	-2794.0
1072	1779	-2213	I10	-217.0	1078.4	-1631.6	-183.0	-2794.0
1073	1909	-2707	I10	-399.0	1091.5	-1667.6	-183.0	-2794.0
1074	699	-1674	I10	-487.5	995.3	-1606.7	-183.0	-2740.0
1075	-111	-467	I10	-289.0	938.9	-1546.1	-183.0	-2740.0
1076	828	-1194	I10	-183.0	1008.0	-1631.9	-183.0	-2740.0
1077	1948	-2536	I10	-294.0	1076.8	-1728.8	-183.0	-2740.0
1078	1675	-2286	I10	-305.5	1051.3	-1686.5	-183.0	-2740.0
1079	479	-1001	I10	-261.0	979.1	-1575.3	-183.0	-2709.0
1080	381	-424	I10	-21.5	1013.4	-1534.9	-183.0	-2709.0
1081	1530	-1713	I10	-91.5	1111.7	-1621.5	-111.0	-2709.0
1082	2036	-2768	I10	-366.0	1137.4	-1677.0	-111.0	-2768.0
1083	1145	-2026	I10	-440.5	1061.0	-1608.9	-111.0	-2768.0
1084	32	-738	I10	-353.0	994.3	-1515.3	-111.0	-2768.0
1085	652	-985	I10	-166.5	1070.6	-1567.1	-111.0	-2768.0
1086	1851	-2361	I10	-255.0	1172.9	-1683.8	-111.0	-2768.0
1087	1851	-2650	I10	-399.5	1163.2	-1695.2	-111.0	-2768.0
1088	628	-1528	I10	-450.0	1058.5	-1619.4	-111.0	-2768.0
1089	-26	-509	I10	-267.5	1008.0	-1570.2	-111.0	-2768.0
1090	1004	-1430	I10	-213.0	1070.3	-1670.8	-111.0	-2768.0
1091	1975	-2770	I10	-397.5	1114.8	-1776.5	-111.0	-2770.0
1092	1548	-2314	I10	-383.0	1066.0	-1731.1	-111.0	-2770.0
1093	354	-1012	I10	-329.0	986.9	-1629.7	-111.0	-2770.0
1094	494	-610	I10	-58.0	1033.1	-1616.9	-111.0	-2770.0
1095	1648	-1923	I10	-137.5	1132.7	-1710.7	-26.0	-2770.0
1096	2012	-2764	I10	-376.0	1148.8	-1751.0	-26.0	-2770.0
1097	955	-1893	I10	-469.0	1059.2	-1675.3	-26.0	-2770.0
1098	-121	-597	I10	-359.0	984.3	-1582.2	-121.0	-2770.0
1099	585	-1003	I10	-209.0	1045.4	-1631.6	-121.0	-2770.0
1100	1731	-2337	I10	-303.0	1118.1	-1722.3	-121.0	-2770.0
1101	1721	-2414	I10	-346.5	1092.7	-1686.7	-121.0	-2770.0
1102	512	-1240	I10	-364.0	989.1	-1579.3	-121.0	-2770.0
1103	65	-385	I10	-160.0	960.2	-1516.6	-121.0	-2770.0
1104	1136	-1491	I10	-177.5	1024.4	-1604.7	-121.0	-2770.0
1105	1950	-2743	I10	-396.5	1054.6	-1686.7	-121.0	-2770.0
1106	1342	-2196	I10	-427.0	987.6	-1629.9	-121.0	-2770.0
1107	168	-890	I10	-361.0	908.9	-1529.6	-121.0	-2770.0
1108	542	-686	I10	-72.0	975.2	-1538.5	-121.0	-2770.0
1109	1783	-2053	I10	-135.0	1095.0	-1643.5	-121.0	-2770.0
1110	2027	-2705	I10	-339.0	1124.6	-1680.3	-121.0	-2770.0
1111	819	-1721	I10	-451.0	1034.4	-1611.0	-121.0	-2764.0
1112	-171	-399	I10	-285.0	966.1	-1526.9	-171.0	-2764.0
1113	668	-987	I10	-159.5	1026.4	-1587.1	-171.0	-2764.0
1114	1821	-2345	I10	-262.0	1094.9	-1672.5	-171.0	-2764.0
1115	1638	-2222	I10	-292.0	1063.7	-1620.4	-171.0	-2764.0
1116	407	-956	I10	-274.5	970.2	-1496.4	-171.0	-2743.0
1117	179	-270	I10	-45.5	971.3	-1434.4	-171.0	-2743.0
1118	1328	-1562	I10	-117.0	1049.9	-1522.0	-171.0	-2743.0
1119	1960	-2719	I10	-379.5	1067.6	-1588.6	-171.0	-2743.0
1120	1144	-2041	I10	-448.5	979.3	-1522.2	-171.0	-2743.0
1121	-43	-713	I10	-378.0	893.1	-1421.4	-171.0	-2743.0
1122	532	-860	I10	-164.0	963.4	-1467.5	-171.0	-2743.0
1123	1784	-2283	I10	-249.5	1075.0	-1597.1	-171.0	-2743.0
1124	1862	-2699	I10	-418.5	1079.1	-1632.5	-171.0	-2743.0
1125	610	-1598	I10	-494.0	976.3	-1570.1	-171.0	-2719.0
1126	-122	-469	I10	-295.5	923.4	-1521.4	-171.0	-2719.0
1127	862	-1297	I10	-217.5	991.7	-1624.1	-171.0	-2719.0
1128	1911	-2658	I10	-373.5	1050.0	-1733.7	-171.0	-2719.0
1129	1531	-2292	I10	-380.5	1007.1	-1691.0	-171.0	-2719.0
1130	338	-1000	I10	-331.0	926.5	-1586.9	-171.0	-2719.0
1131	366	-519	I10	-76.5	967.4	-1567.5	-171.0	-2719.0
1132	1548	-1844	I10	-148.0	1069.0	-1665.9	-122.0	-2719.0
1133	1987	-2790	I10	-401.5	1089.3	-1716.6	-122.0	-2790.0
1134	999	-1981	I10	-491.0	1003.0	-1644.8	-122.0	-2790.0
1135	-100	-671	I10	-385.5	932.0	-1552.1	-122.0	-2790.0
1136	564	-1013	I10	-224.5	1000.6	-1606.5	-122.0	-2790.0
1137	1736	-2372	I10	-318.0	1088.0	-1714.0	-122.0	-2790.0
1138	1736	-2545	I10	-404.5	1070.5	-1702.7	-122.0	-2790.0
1139	535	-1395	I10	-430.0	970.9	-1613.0	-122.0	-2790.0
1140	-14	-457	I10	-235.5	935.7	-1558.7	-122.0	-2790.0
1141	1051	-1475	I10	-212.0	1004.2	-1654.3	-122.0	-2790.0
1142	1920	-2752	I10	-416.0	1041.4	-1745.1	-122.0	-2790.0
1143	1396	-2247	I10	-425.5	982.3	-1690.8	-122.0	-2790.0
1144	214	-944	I10	-365.0	903.8	-1587.1	-122.0	-2790.0
1145	487	-666	I10	-89.5	962.5	-1586.6	-122.0	-2790.0
1146	1681	-1998	I10	-158.5	1074.2	-1685.1	-100.0	-2790.0
1147	1984	-2719	I10	-367.5	1099.0	-1719.8	-100.0	-2790.0
1148	866	-1801	I10	-467.5	1012.0	-1645.4	-100.0	-2790.0
1149	-152	-500	I10	-326.0	943.3	-1555.9	-152.0	-2790.0
1150	631	-1005	I10	-187.0	1007.8	-1610.7	-152.0	-2790.0
1151	1768	-2293	I10	-262.5	1079.5	-1692.5	-152.0	-2790.0
1152	1683	-2094	I10	-205.5	1055.8	-1626.7	-152.0	-2790.0
1153	514	-749	I10	-117.5	967.6	-1476.9	-152.0	-2752.0
1155	1316	-935	I10	190.5	1077.8	-1476.0	-152.0	-2752.0
1156	2029	-1711	I10	159.0	1232.0	-1580.5	-152.0	-2752.0
1157	1312	-736	I10	288.0	1195.1	-1454.3	-152.0	-2752.0
1160	1929	-220	I10	854.5	1189.6	-1204.4	-152.0	-2752.0
1161	2104	-384	I10	860.0	1313.4	-1062.7	-152.0	-2752.0
1170	2148	-121	I10	1013.5	1543.4	-1024.8	-152.0	-2752.0
1193	2126	-89	I10	1018.5	1692.9	-933.2	-152.0	-2752.0
1207	1959	-167	I10	896.0	1712.0	-720.6	-152.0	-2752.0
1211	2072	-686	I10	693.0	1750.9	-579.8	-152.0	-2719.0
1212	1509	-390	I10	559.5	1850.4	-543.9	-152.0	-2719.0
1215	1726	-461	I10	632.5	1891.4	-496.5	-152.0	-2719.0
1216	2143	-1556	I10	293.5	1902.8	-481.0	-152.0	-2719.0
1217	962	-825	I10	68.5	1867.8	-489.9	-152.0	-2719.0
1219	765	-144	I10	310.5	1751.4	-482.3	-152.0	-2293.0
1220	2020	-1736	I10	142.0	1743.0	-617.5	-152.0	-2293.0
1221	1808	-1839	I10	-15.5	1709.0	-789.3	514.0	-2293.0
1222	541	-713	I10	-86.0	1550.5	-851.7	514.0	-2293.0
1224	1469	-1397	I10	36.0	1501.5	-974.7	514.0	-2094.0
1225	2148	-2664	I10	-258.0	1509.1	-1172.5	514.0	-2664.0
1226	1313	-2009	I10	-348.0	1489.5	-1334.4	541.0	-2664.0
1227	93	-674	I10	-290.5	1326.2	-1355.7	93.0	-2664.0
1228	643	-846	I10	-101.5	1176.2	-1284.7	93.0	-2664.0
1229	1892	-2290	I10	-199.0	1269.2	-1431.2	93.0	-2664.0
1230	1970	-2698	I10	-364.0	1389.7	-1686.6	93.0	-2698.0
1231	718	-1614	I10	-448.0	1259.5	-1674.4	93.0	-2698.0
1232	-13	-510	I10	-261.5	1077.4	-1541.5	-13.0	-2698.0
1233	980	-1402	I10	-211.0	1121.3	-1610.4	-13.0	-2698.0
1234	1979	-2753	I10	-387.0	1172.3	-1746.0	-13.0	-2753.0
1235	1551	-2339	I10	-394.0	1112.6	-1713.5	-13.0	-2753.0
1236	313	-1019	I10	-353.0	1012.6	-1614.5	-13.0	-2753.0
1237	375	-555	I10	-90.0	1040.8	-1602.6	-13.0	-2753.0
1238	1564	-1904	I10	-170.0	1132.9	-1708.4	-13.0	-2753.0
1239	1981	-2800	I10	-409.5	1141.8	-1759.4	-13.0	-2800.0
1240	962	-1949	I10	-493.5	1041.0	-1684.5	-13.0	-2800.0
1241	-125	-613	I10	-369.0	956.7	-1584.4	-125.0	-2800.0
1242	550	-1008	I10	-229.0	1013.0	-1634.2	-125.0	-2800.0
1243	1712	-2351	I10	-319.5	1086.2	-1729.1	-125.0	-2800.0
1244	1712	-2458	I10	-373.0	1059.5	-1699.6	-125.0	-2800.0
1245	509	-1286	I10	-388.5	955.3	-1594.3	-125.0	-2800.0
1246	41	-405	I10	-182.0	928.1	-1532.9	-125.0	-2800.0
1247	1129	-1493	I10	-182.0	1003.5	-1626.7	-125.0	-2800.0
1248	1961	-2754	I10	-396.5	1043.2	-1711.7	-125.0	-2800.0
1249	1375	-2213	I10	-419.0	982.6	-1653.0	-125.0	-2800.0
1250	175	-893	I10	-359.0	903.9	-1547.4	-125.0	-2800.0
1251	510	-675	I10	-82.5	967.4	-1553.6	-125.0	-2800.0
1252	1747	-2036	I10	-144.5	1087.1	-1656.4	-125.0	-2800.0
1253	2011	-2703	I10	-346.0	1117.0	-1691.6	-125.0	-2800.0
1254	813	-1732	I10	-459.5	1027.1	-1619.0	-125.0	-2800.0
1255	-179	-425	I10	-302.0	958.3	-1532.9	-179.0	-2800.0
1256	639	-998	I10	-179.5	1018.1	-1592.2	-179.0	-2800.0
1257	1793	-2364	I10	-285.5	1084.5	-1679.3	-179.0	-2800.0
1258	1630	-2259	I10	-314.5	1051.4	-1629.8	-179.0	-2800.0
1259	416	-1019	I10	-301.5	955.5	-1510.4	-179.0	-2754.0
1260	148	-323	I10	-87.5	952.8	-1453.4	-179.0	-2754.0
1261	1274	-1577	I10	-151.5	1029.2	-1543.6	-179.0	-2754.0
1262	1924	-2721	I10	-398.5	1046.9	-1612.1	-179.0	-2754.0
1263	1171	-2091	I10	-460.0	962.9	-1550.9	-179.0	-2754.0
1264	24	-799	I10	-387.5	884.0	-1457.6	-179.0	-2754.0
1265	572	-864	I10	-146.0	959.1	-1501.5	-179.0	-2754.0
1266	1805	-2247	I10	-221.0	1075.7	-1626.4	-179.0	-2754.0
1267	1903	-2695	I10	-396.0	1086.7	-1659.5	-179.0	-2754.0
1268	694	-1634	I10	-470.0	993.1	-1597.0	-179.0	-2721.0
1269	-87	-469	I10	-278.0	942.8	-1542.0	-179.0	-2721.0
1270	865	-1253	I10	-194.0	1014.5	-1635.0	-179.0	-2721.0
1271	1955	-2624	I10	-334.5	1082.6	-1739.7	-179.0	-2721.0
1272	1619	-2310	I10	-345.5	1052.1	-1698.6	-179.0	-2721.0
1273	366	-995	I10	-314.5	971.6	-1589.0	-179.0	-2721.0
1274	354	-455	I10	-50.5	1004.6	-1554.6	-179.0	-2721.0
1275	1535	-1813	I10	-139.0	1100.9	-1649.5	-87.0	-2721.0
1276	2024	-2820	I10	-398.0	1122.8	-1706.8	-87.0	-2820.0
1277	1059	-2003	I10	-472.0	1038.4	-1637.6	-87.0	-2820.0
1278	-62	-673	I10	-367.5	962.8	-1541.5	-87.0	-2820.0
1279	590	-1003	I10	-206.5	1030.5	-1594.9	-87.0	-2820.0
1280	1813	-2384	I10	-285.5	1125.3	-1708.0	-87.0	-2820.0
1281	1813	-2595	I10	-391.0	1111.1	-1705.1	-87.0	-2820.0
1282	590	-1440	I10	-425.0	1008.2	-1618.1	-87.0	-2820.0
1283	39	-481	I10	-221.0	975.5	-1566.7	-87.0	-2820.0
1284	1075	-1494	I10	-209.5	1047.6	-1670.6	-87.0	-2820.0
1285	1970	-2799	I10	-414.5	1091.1	-1769.2	-87.0	-2820.0
1286	1435	-2285	I10	-425.0	1032.2	-1715.7	-87.0	-2820.0
1287	229	-976	I10	-373.5	949.2	-1613.0	-87.0	-2820.0
1288	449	-666	I10	-108.5	1000.3	-1612.3	-87.0	-2820.0
1289	1659	-2015	I10	-178.0	1107.2	-1713.5	-62.0	-2820.0
1290	1971	-2770	I10	-399.5	1123.0	-1752.1	-62.0	-2820.0
1291	841	-1838	I10	-498.5	1025.8	-1676.4	-62.0	-2820.0
1292	-205	-530	I10	-367.5	946.3	-1585.4	-205.0	-2820.0
1293	551	-1015	I10	-232.0	997.5	-1638.8	-205.0	-2820.0
1294	1696	-2345	I10	-324.5	1059.6	-1723.9	-205.0	-2820.0
1295	1618	-2336	I10	-359.0	1024.4	-1677.6	-205.0	-2820.0
1296	440	-1143	I10	-351.5	924.9	-1563.4	-205.0	-2799.0
1297	87	-367	I10	-140.0	910.7	-1502.5	-205.0	-2799.0
1298	1187	-1544	I10	-178.5	984.5	-1590.3	-205.0	-2799.0
1299	1906	-2722	I10	-408.0	1009.2	-1661.0	-205.0	-2799.0
1300	1244	-2150	I10	-453.0	936.5	-1599.0	-205.0	-2799.0
1301	76	-849	I10	-386.5	860.0	-1500.1	-205.0	-2799.0
1302	558	-778	I10	-110.0	936.3	-1524.9	-205.0	-2799.0
1303	1814	-2167	I10	-176.5	1062.6	-1640.1	-205.0	-2799.0
1304	1989	-2735	I10	-373.0	1091.9	-1679.1	-205.0	-2799.0
1305	766	-1681	I10	-457.5	1006.7	-1613.6	-205.0	-2770.0
1306	-101	-424	I10	-262.5	952.6	-1541.7	-205.0	-2770.0
1307	819	-1129	I10	-155.0	1025.8	-1617.9	-205.0	-2770.0
1308	1974	-2510	I10	-268.0	1104.5	-1714.5	-205.0	-2770.0
1309	1709	-2280	I10	-285.5	1084.8	-1670.3	-205.0	-2770.0
1310	431	-965	I10	-267.0	1003.5	-1551.8	-205.0	-2735.0
1311	327	-361	I10	-17.0	1028.6	-1503.0	-205.0	-2735.0
1312	1487	-1708	I10	-110.5	1121.5	-1596.0	-101.0	-2735.0
1313	2033	-2801	I10	-384.0	1143.4	-1659.4	-101.0	-2801.0
1314	1133	-2041	I10	-454.0	1057.8	-1590.0	-101.0	-2801.0
1315	-21	-729	I10	-375.0	979.1	-1494.8	-101.0	-2801.0
1316	587	-978	I10	-195.5	1047.9	-1550.2	-101.0	-2801.0
1317	1830	-2381	I10	-275.5	1149.0	-1675.4	-101.0	-2801.0
1318	1847	-2678	I10	-415.5	1136.3	-1692.2	-101.0	-2801.0
1319	607	-1540	I10	-466.5	1026.1	-1618.2	-101.0	-2801.0
1320	-20	-508	I10	-264.0	981.0	-1572.5	-101.0	-2801.0
1321	1001	-1446	I10	-222.5	1048.4	-1681.0	-101.0	-2801.0
1322	1964	-2775	I10	-405.5	1096.1	-1787.7	-101.0	-2801.0
1323	1519	-2312	I10	-396.5	1044.7	-1738.8	-101.0	-2801.0
1324	309	-1008	I10	-349.5	962.3	-1635.5	-101.0	-2801.0
1325	441	-610	I10	-84.5	1008.5	-1623.6	-101.0	-2801.0
1326	1609	-1940	I10	-165.5	1110.7	-1719.8	-21.0	-2801.0
1327	1969	-2763	I10	-397.0	1124.6	-1758.0	-21.0	-2801.0
1328	937	-1906	I10	-484.5	1033.6	-1680.8	-21.0	-2801.0
1329	-126	-616	I10	-371.0	960.3	-1588.4	-126.0	-2801.0
1330	580	-1021	I10	-220.5	1020.3	-1639.7	-126.0	-2801.0
1331	1705	-2334	I10	-314.5	1090.7	-1728.5	-126.0	-2801.0
1332	1705	-2411	I10	-353.0	1064.8	-1692.1	-126.0	-2801.0
1333	513	-1262	I10	-374.5	964.2	-1587.1	-126.0	-2775.0
1334	92	-413	I10	-160.5	942.5	-1527.6	-126.0	-2775.0
1335	1172	-1506	I10	-167.0	1015.6	-1617.2	-126.0	-2775.0
1336	1976	-2719	I10	-371.5	1052.3	-1695.1	-126.0	-2775.0
1337	1388	-2184	I10	-398.0	994.2	-1637.2	-126.0	-2775.0
1338	233	-862	I10	-314.5	923.8	-1532.8	-126.0	-2775.0
1339	590	-663	I10	-36.5	995.4	-1537.5	-126.0	-2775.0
1340	1767	-1808	I10	-20.5	1114.1	-1616.2	-126.0	-2775.0
1341	2023	-2185	I10	-81.0	1145.9	-1601.3	-126.0	-2775.0
1342	861	-997	I10	-68.0	1061.5	-1459.9	-126.0	-2763.0
1345	1945	-1044	I10	450.5	1204.7	-1438.1	-126.0	-2763.0
1346	1717	-515	I10	601.0	1367.2	-1448.3	-126.0	-2763.0
1350	2139	-368	I10	885.5	1463.9	-1334.5	-126.0	-2763.0
1373	2183	-157	I10	1013.0	1484.6	-1078.3	-126.0	-2763.0
1382	2137	-111	I10	1013.0	1559.5	-871.0	-126.0	-2719.0
1396	2159	-106	I10	1026.5	1752.1	-795.4	-126.0	-2719.0
1405	2119	-677	I10	721.0	1905.0	-796.8	92.0	-2719.0
1406	1401	-334	I10	533.5	1868.4	-649.4	92.0	-2719.0
1409	1851	-713	I10	569.0	1851.2	-502.2	92.0	-2719.0
1410	2146	-1665	I10	240.5	1979.7	-569.0	92.0	-2719.0
1411	800	-807	I10	-3.5	1865.2	-545.3	92.0	-2719.0
1413	970	-540	I10	215.0	1790.5	-547.8	233.0	-2719.0
1414	2151	-2166	I10	-7.5	1791.7	-727.6	233.0	-2719.0
1415	1744	-2018	I10	-137.0	1747.8	-913.7	233.0	-2185.0
1416	423	-710	I10	-143.5	1576.4	-973.6	233.0	-2185.0
1417	394	-185	I10	104.5	1399.9	-981.5	394.0	-2185.0
1418	1675	-1662	I10	6.5	1355.5	-1080.0	394.0	-2185.0
1419	2168	-2690	I10	-261.0	1432.2	-1315.6	394.0	-2690.0
1420	1152	-1874	I10	-361.0	1362.3	-1431.7	394.0	-2690.0
1421	3	-513	I10	-255.0	1148.0	-1316.5	3.0	-2690.0
1422	678	-941	I10	-131.5	1135.8	-1329.9	3.0	-2690.0
1423	1912	-2389	I10	-238.5	1230.0	-1514.8	3.0	-2690.0
1424	1875	-2520	I10	-322.5	1202.4	-1550.2	3.0	-2690.0
1425	622	-1338	I10	-358.0	1090.2	-1482.2	3.0	-2690.0
1426	134	-456	I10	-161.0	1061.3	-1456.8	3.0	-2690.0
1427	1222	-1579	I10	-178.5	1144.1	-1596.2	3.0	-2690.0
1428	2032	-2831	I10	-399.5	1179.8	-1713.1	3.0	-2831.0
1429	1422	-2283	I10	-430.5	1105.2	-1672.4	3.0	-2831.0
1430	194	-935	I10	-370.5	1009.4	-1578.5	3.0	-2831.0
1431	550	-702	I10	-76.0	1064.1	-1597.4	3.0	-2831.0
1432	1768	-2066	I10	-149.0	1173.1	-1709.9	3.0	-2831.0
1433	1994	-2673	I10	-339.5	1181.3	-1738.3	3.0	-2831.0
1434	807	-1700	I10	-446.5	1074.5	-1656.3	3.0	-2831.0
1435	-148	-388	I10	-268.0	997.5	-1561.3	-148.0	-2831.0
1436	702	-996	I10	-147.0	1054.3	-1615.3	-148.0	-2831.0
1437	1867	-2367	I10	-250.0	1118.8	-1694.1	-148.0	-2831.0
1438	1667	-2232	I10	-282.5	1082.3	-1634.2	-148.0	-2831.0
1439	430	-961	I10	-265.5	983.1	-1502.0	-148.0	-2831.0
1440	234	-291	I10	-28.5	987.1	-1437.6	-148.0	-2831.0
1441	1370	-1599	I10	-114.5	1069.1	-1527.3	-148.0	-2831.0
1442	2001	-2741	I10	-370.0	1092.4	-1594.8	-148.0	-2831.0
1443	1179	-2065	I10	-443.0	1010.9	-1534.0	-148.0	-2831.0
1444	1	-726	I10	-362.5	930.3	-1436.6	-148.0	-2831.0
1445	595	-908	I10	-156.5	1004.6	-1488.6	-148.0	-2831.0
1446	1863	-2342	I10	-239.5	1120.7	-1623.2	-148.0	-2831.0
1447	1928	-2730	I10	-401.0	1126.8	-1659.5	-148.0	-2831.0
1448	681	-1601	I10	-460.0	1028.2	-1596.4	-148.0	-2741.0
1449	-58	-487	I10	-272.5	979.4	-1549.0	-148.0	-2741.0
1450	959	-1378	I10	-209.5	1051.9	-1657.7	-148.0	-2741.0
1451	1998	-2774	I10	-388.0	1114.7	-1775.2	-148.0	-2774.0
1452	1561	-2362	I10	-400.5	1070.7	-1737.3	-148.0	-2774.0
1453	316	-1004	I10	-344.0	984.4	-1631.2	-148.0	-2774.0
1454	395	-536	I10	-70.5	1023.8	-1612.2	-148.0	-2774.0
1455	1582	-1886	I10	-152.0	1122.5	-1710.0	-58.0	-2774.0
1456	1991	-2794	I10	-401.5	1135.3	-1755.2	-58.0	-2794.0
1457	972	-1923	I10	-475.5	1039.7	-1674.5	-58.0	-2794.0
1458	-137	-608	I10	-372.5	957.9	-1575.2	-137.0	-2794.0
1459	586	-984	I10	-199.0	1022.3	-1624.9	-137.0	-2794.0
1460	1742	-2335	I10	-296.5	1100.6	-1720.6	-137.0	-2794.0
1461	1742	-2439	I10	-348.5	1075.0	-1687.1	-137.0	-2794.0
1462	526	-1272	I10	-373.0	971.5	-1578.1	-137.0	-2794.0
1463	44	-408	I10	-182.0	944.3	-1518.5	-137.0	-2794.0
1464	1095	-1470	I10	-187.5	1014.3	-1611.9	-137.0	-2794.0
1465	1931	-2723	I10	-396.0	1049.2	-1695.6	-137.0	-2794.0
1466	1371	-2193	I10	-411.0	987.2	-1635.5	-137.0	-2794.0
1467	181	-903	I10	-361.0	908.1	-1533.5	-137.0	-2794.0
1468	513	-674	I10	-80.5	973.1	-1540.1	-137.0	-2794.0
1469	1693	-2013	I10	-160.0	1083.8	-1643.0	-137.0	-2794.0
1470	1957	-2683	I10	-363.0	1105.3	-1677.8	-137.0	-2794.0
1471	809	-1746	I10	-468.5	1012.0	-1608.5	-137.0	-2794.0
1472	-160	-459	I10	-309.5	943.4	-1527.2	-160.0	-2794.0
1473	650	-999	I10	-174.5	1004.0	-1586.3	-160.0	-2794.0
1474	1803	-2355	I10	-276.0	1074.8	-1674.8	-160.0	-2794.0
1475	1657	-2273	I10	-308.0	1047.4	-1629.8	-160.0	-2794.0
1476	435	-1032	I10	-298.5	953.8	-1513.7	-160.0	-2723.0
1477	158	-310	I10	-76.0	951.5	-1454.4	-160.0	-2723.0
1478	1276	-1554	I10	-139.0	1027.8	-1542.4	-160.0	-2723.0
1479	1958	-2727	I10	-384.5	1054.3	-1613.8	-160.0	-2727.0
1480	1223	-2117	I10	-447.0	980.9	-1557.2	-160.0	-2727.0
1481	44	-807	I10	-381.5	904.4	-1463.3	-160.0	-2727.0
1482	554	-825	I10	-135.5	975.8	-1499.9	-160.0	-2727.0
1483	1792	-2209	I10	-208.5	1090.0	-1620.9	-160.0	-2727.0
1484	1909	-2695	I10	-393.0	1100.6	-1654.9	-160.0	-2727.0
1485	709	-1640	I10	-465.5	1005.8	-1591.6	-160.0	-2727.0
1486	-93	-462	I10	-277.5	953.0	-1534.6	-160.0	-2727.0
1487	850	-1232	I10	-191.0	1022.2	-1626.8	-160.0	-2727.0
1488	1956	-2601	I10	-322.5	1090.2	-1731.5	-160.0	-2727.0
1489	1622	-2307	I10	-342.5	1056.6	-1689.5	-160.0	-2727.0
1490	389	-991	I10	-301.0	973.2	-1576.9	-160.0	-2727.0
1491	335	-430	I10	-47.5	1002.3	-1539.2	-160.0	-2727.0
1492	1533	-1775	I10	-121.0	1100.2	-1634.2	-93.0	-2727.0
1493	2032	-2826	I10	-397.0	1124.2	-1695.9	-93.0	-2826.0
1494	1100	-2035	I10	-467.5	1043.3	-1629.9	-93.0	-2826.0
1495	-29	-730	I10	-379.5	969.5	-1538.9	-93.0	-2826.0
1496	605	-1012	I10	-203.5	1039.3	-1593.9	-93.0	-2826.0
1497	1800	-2359	I10	-279.5	1134.3	-1706.6	-93.0	-2826.0
1498	1800	-2602	I10	-401.0	1118.7	-1706.7	-93.0	-2826.0
1499	612	-1488	I10	-438.0	1017.7	-1624.8	-93.0	-2826.0
1500	16	-503	I10	-243.5	980.4	-1576.0	-93.0	-2826.0
1501	1035	-1468	I10	-216.5	1050.4	-1679.8	-93.0	-2826.0
1502	1950	-2776	I10	-413.0	1092.1	-1779.9	-93.0	-2826.0
1503	1473	-2288	I10	-407.5	1036.2	-1726.1	-93.0	-2826.0
1504	301	-988	I10	-343.5	956.3	-1621.4	-93.0	-2826.0
1505	495	-633	I10	-69.0	1008.7	-1611.7	-93.0	-2826.0
1506	1682	-1973	I10	-145.5	1116.4	-1707.8	-29.0	-2826.0
1507	2031	-2789	I10	-379.0	1139.5	-1750.8	-29.0	-2826.0
1508	948	-1887	I10	-469.5	1054.3	-1679.3	-29.0	-2826.0
1509	-122	-562	I10	-342.0	980.9	-1586.7	-122.0	-2826.0
1510	629	-1019	I10	-195.0	1042.2	-1638.3	-122.0	-2826.0
1511	1783	-2367	I10	-292.0	1117.0	-1728.2	-122.0	-2826.0
1512	1740	-2400	I10	-330.0	1096.0	-1690.6	-122.0	-2826.0
1513	516	-1199	I10	-341.5	1000.3	-1581.7	-122.0	-2789.0
1514	103	-387	I10	-142.0	980.5	-1521.6	-122.0	-2789.0
1515	1182	-1533	I10	-175.5	1049.2	-1611.6	-122.0	-2789.0
1516	1945	-2747	I10	-401.0	1075.5	-1689.0	-122.0	-2789.0
1517	1301	-2169	I10	-434.0	1002.5	-1627.0	-122.0	-2789.0
1518	105	-850	I10	-372.5	918.2	-1523.3	-122.0	-2789.0
1519	543	-697	I10	-77.0	984.7	-1536.8	-122.0	-2789.0
1520	1756	-2061	I10	-152.5	1097.4	-1641.0	-122.0	-2789.0
1521	1967	-2650	I10	-341.5	1115.8	-1669.3	-122.0	-2789.0
1522	764	-1650	I10	-443.0	1018.2	-1594.3	-122.0	-2789.0
1523	-125	-365	I10	-245.0	954.1	-1510.9	-125.0	-2789.0
1524	739	-1000	I10	-130.5	1017.7	-1572.2	-125.0	-2789.0
1525	1868	-2345	I10	-238.5	1086.3	-1653.4	-125.0	-2789.0
1526	1682	-2179	I10	-248.5	1060.0	-1596.6	-125.0	-2789.0
1527	483	-945	I10	-231.0	978.2	-1474.2	-125.0	-2747.0
1528	347	-310	I10	18.5	1002.4	-1420.2	-125.0	-2747.0
1529	1450	-1473	I10	-11.5	1093.1	-1497.8	-125.0	-2747.0
1530	2048	-2248	I10	-100.0	1122.3	-1516.5	-125.0	-2747.0
1531	1244	-1261	I10	-8.5	1050.0	-1377.6	-125.0	-2747.0
1534	1875	-879	I10	498.0	1161.1	-1300.5	-125.0	-2747.0
1535	1948	-843	I10	552.5	1368.4	-1348.3	-125.0	-2747.0
1539	2075	-107	I10	984.0	1502.0	-1259.0	-125.0	-2747.0
1544	2137	-153	I10	992.0	1528.9	-1039.8	-125.0	-2747.0
1567	2110	-138	I10	986.0	1571.7	-835.7	-125.0	-2650.0
1572	1726	-181	I10	772.5	1696.0	-759.3	-125.0	-2650.0
1576	2027	-1016	I10	505.5	1864.0	-829.9	-125.0	-2650.0
1577	1278	-622	I10	328.0	1846.8	-744.8	-125.0	-2650.0
1580	1892	-1090	I10	401.0	1831.2	-629.0	-125.0	-2650.0
1581	2117	-1859	I10	129.0	1918.5	-688.8	-125.0	-2345.0
1582	827	-916	I10	-44.5	1813.7	-692.5	-125.0	-2345.0
1584	1005	-688	I10	158.5	1719.4	-677.0	347.0	-2345.0
1585	2114	-2230	I10	-58.0	1723.3	-889.3	347.0	-2345.0
1586	1715	-1999	I10	-142.0	1681.1	-1073.9	347.0	-2248.0
1587	428	-769	I10	-170.5	1512.9	-1137.0	347.0	-2248.0
1588	434	-295	I10	69.5	1383.7	-1148.4	347.0	-2248.0
1589	1650	-1679	I10	-14.5	1346.0	-1214.7	428.0	-2248.0
1590	2084	-2640	I10	-278.0	1426.6	-1416.5	428.0	-2640.0
1591	1070	-1843	I10	-386.5	1344.4	-1491.8	428.0	-2640.0
1592	-23	-555	I10	-289.0	1130.4	-1361.4	-23.0	-2640.0
1593	666	-932	I10	-133.0	1114.3	-1363.0	-23.0	-2640.0
1594	1848	-2309	I10	-230.5	1198.6	-1525.1	-23.0	-2640.0
1595	1848	-2445	I10	-298.5	1172.0	-1546.6	-23.0	-2640.0
1596	629	-1309	I10	-340.0	1063.4	-1477.6	-23.0	-2640.0
1597	132	-411	I10	-139.5	1033.8	-1441.8	-23.0	-2640.0
1598	1200	-1489	I10	-144.5	1110.4	-1561.2	-23.0	-2640.0
1599	2024	-2740	I10	-358.0	1147.8	-1667.3	-23.0	-2740.0
1600	1458	-2223	I10	-382.5	1085.2	-1625.6	-23.0	-2740.0
1601	261	-924	I10	-331.5	1004.3	-1533.7	-23.0	-2740.0
1602	577	-667	I10	-45.0	1064.3	-1544.9	-23.0	-2740.0
1603	1788	-2040	I10	-126.0	1176.5	-1655.7	-23.0	-2740.0
1604	2057	-2687	I10	-315.0	1197.4	-1693.5	-23.0	-2740.0
1605	875	-1744	I10	-434.5	1100.1	-1623.4	-23.0	-2740.0
1606	-113	-452	I10	-282.5	1025.9	-1537.7	-113.0	-2740.0
1607	689	-1003	I10	-157.0	1081.6	-1596.9	-113.0	-2740.0
1608	1833	-2337	I10	-252.0	1144.9	-1681.7	-113.0	-2740.0
1609	1687	-2270	I10	-291.5	1111.2	-1634.7	-113.0	-2740.0
1610	468	-1051	I10	-291.5	1012.2	-1517.5	-113.0	-2740.0
1611	192	-324	I10	-66.0	1005.3	-1457.5	-113.0	-2740.0
1612	1275	-1555	I10	-140.0	1075.1	-1546.3	-113.0	-2740.0
1613	1928	-2683	I10	-377.5	1089.1	-1610.6	-113.0	-2740.0
1614	1187	-2081	I10	-447.0	1002.1	-1550.0	-113.0	-2740.0
1615	47	-803	I10	-378.0	919.3	-1455.9	-113.0	-2740.0
1616	563	-816	I10	-126.5	986.9	-1492.3	-113.0	-2740.0
1617	1768	-2177	I10	-204.5	1094.8	-1609.7	-113.0	-2740.0
1618	1893	-2667	I10	-387.0	1100.8	-1642.7	-113.0	-2740.0
1619	683	-1624	I10	-470.5	1000.4	-1578.1	-113.0	-2687.0
1620	-99	-434	I10	-266.5	943.7	-1516.4	-113.0	-2687.0
1621	854	-1193	I10	-169.5	1009.9	-1603.3	-113.0	-2687.0
1622	1972	-2566	I10	-297.0	1079.6	-1704.4	-113.0	-2687.0
1623	1650	-2287	I10	-318.5	1051.8	-1664.8	-113.0	-2687.0
1624	424	-971	I10	-273.5	975.5	-1553.8	-113.0	-2683.0
1625	356	-402	I10	-23.0	1006.4	-1513.7	-113.0	-2683.0
1626	1552	-1760	I10	-104.0	1105.3	-1608.1	-99.0	-2683.0
1627	2077	-2821	I10	-372.0	1136.2	-1672.5	-99.0	-2821.0
1628	1132	-2027	I10	-447.5	1060.1	-1608.5	-99.0	-2821.0
1629	21	-695	I10	-337.0	993.9	-1515.6	-99.0	-2821.0
1630	628	-984	I10	-178.0	1066.6	-1570.6	-99.0	-2821.0
1631	1841	-2369	I10	-264.0	1165.3	-1688.2	-99.0	-2821.0
1632	1841	-2613	I10	-386.0	1152.2	-1692.9	-99.0	-2821.0
1633	620	-1442	I10	-411.0	1049.2	-1608.4	-99.0	-2821.0
1634	35	-468	I10	-216.5	1010.3	-1558.1	-99.0	-2821.0
1635	1113	-1468	I10	-177.5	1086.0	-1664.7	-99.0	-2821.0
1636	2007	-2797	I10	-395.0	1131.5	-1768.4	-99.0	-2821.0
1637	1498	-2282	I10	-392.0	1073.6	-1714.5	-99.0	-2821.0
1638	290	-952	I10	-331.0	989.4	-1607.0	-99.0	-2821.0
1639	493	-611	I10	-59.0	1036.6	-1598.6	-99.0	-2821.0
1640	1724	-1968	I10	-122.0	1146.2	-1697.0	21.0	-2821.0
1641	2045	-2750	I10	-352.5	1166.6	-1735.1	21.0	-2821.0
1642	938	-1820	I10	-441.0	1076.3	-1655.8	21.0	-2821.0
1643	-113	-527	I10	-320.0	1003.0	-1564.3	-113.0	-2821.0
1644	641	-1000	I10	-179.5	1063.6	-1617.5	-113.0	-2821.0
1645	1769	-2326	I10	-278.5	1129.2	-1703.3	-113.0	-2821.0
1646	1699	-2320	I10	-310.5	1098.4	-1655.6	-113.0	-2821.0
1647	518	-1124	I10	-303.0	1000.4	-1539.8	-113.0	-2797.0
1648	157	-346	I10	-94.5	987.1	-1479.2	-113.0	-2797.0
1649	1235	-1491	I10	-128.0	1061.3	-1567.2	-113.0	-2797.0
1650	1963	-2685	I10	-361.0	1085.2	-1638.9	-113.0	-2797.0
1651	1313	-2122	I10	-404.5	1012.0	-1576.1	-113.0	-2797.0
1652	169	-847	I10	-339.0	935.1	-1478.8	-113.0	-2797.0
1653	580	-711	I10	-65.5	1004.4	-1497.2	-113.0	-2797.0
1654	1778	-2043	I10	-132.5	1118.1	-1601.5	-113.0	-2797.0
1655	1962	-2631	I10	-334.5	1137.4	-1632.0	-113.0	-2797.0
1656	797	-1642	I10	-422.5	1047.2	-1564.2	-113.0	-2750.0
1657	-98	-379	I10	-238.5	985.6	-1489.7	-113.0	-2750.0
1658	772	-1015	I10	-121.5	1047.1	-1556.6	-113.0	-2750.0
1659	1897	-2369	I10	-236.0	1113.3	-1644.4	-113.0	-2750.0
1660	1685	-2199	I10	-257.0	1085.5	-1595.8	-113.0	-2750.0
1661	482	-931	I10	-224.5	1002.4	-1476.7	-113.0	-2685.0
1662	315	-287	I10	14.0	1017.0	-1420.7	-113.0	-2685.0
1663	1476	-1599	I10	-61.5	1106.6	-1509.5	-98.0	-2685.0
1664	2075	-2744	I10	-334.5	1136.3	-1579.6	-98.0	-2744.0
1665	1249	-2046	I10	-398.5	1065.0	-1521.1	-98.0	-2744.0
1666	84	-730	I10	-323.0	993.7	-1429.9	-98.0	-2744.0
1667	640	-905	I10	-132.5	1067.5	-1482.5	-98.0	-2744.0
1668	1861	-2289	I10	-214.0	1176.4	-1609.9	-98.0	-2744.0
1669	1922	-2682	I10	-380.0	1178.9	-1641.2	-98.0	-2744.0
1670	710	-1580	I10	-435.0	1081.4	-1579.3	-98.0	-2744.0
1671	1	-486	I10	-242.5	1033.3	-1534.8	-98.0	-2744.0
1672	1002	-1370	I10	-184.0	1102.0	-1643.1	-98.0	-2744.0
1673	2026	-2744	I10	-359.0	1157.0	-1757.6	-98.0	-2744.0
1674	1621	-2330	I10	-354.5	1111.6	-1716.2	-98.0	-2744.0
1675	401	-1003	I10	-301.0	1026.8	-1611.9	-98.0	-2744.0
1676	464	-542	I10	-39.0	1064.8	-1593.1	-98.0	-2744.0
1677	1658	-1882	I10	-112.0	1166.6	-1690.8	1.0	-2744.0
1678	2080	-2820	I10	-370.0	1188.5	-1743.9	1.0	-2820.0
1679	1068	-1969	I10	-450.5	1103.1	-1672.6	1.0	-2820.0
1680	-18	-663	I10	-340.5	1030.3	-1580.9	-18.0	-2820.0
1681	648	-1021	I10	-186.5	1095.0	-1634.4	-18.0	-2820.0
1682	1781	-2334	I10	-276.5	1172.9	-1730.8	-18.0	-2820.0
1683	1781	-2478	I10	-348.5	1148.4	-1704.2	-18.0	-2820.0
1684	598	-1332	I10	-367.0	1046.1	-1604.4	-18.0	-2820.0
1685	105	-444	I10	-169.5	1016.5	-1548.5	-18.0	-2820.0
1686	1125	-1460	I10	-167.5	1082.6	-1640.3	-18.0	-2820.0
1687	1962	-2719	I10	-378.5	1113.0	-1724.0	-18.0	-2820.0
1688	1439	-2218	I10	-389.5	1048.9	-1663.8	-18.0	-2820.0
1689	304	-948	I10	-322.0	972.5	-1561.7	-18.0	-2820.0
1690	560	-687	I10	-63.5	1030.3	-1564.1	-18.0	-2820.0
1691	1731	-1987	I10	-128.0	1138.6	-1660.7	-18.0	-2820.0
1692	2013	-2712	I10	-349.5	1161.8	-1698.5	-18.0	-2820.0
1693	909	-1806	I10	-448.5	1074.6	-1631.3	-18.0	-2820.0
1694	-98	-536	I10	-317.0	1005.0	-1551.7	-98.0	-2820.0
1695	667	-1037	I10	-185.0	1061.2	-1611.0	-98.0	-2820.0
1696	1801	-2369	I10	-284.0	1128.8	-1701.9	-98.0	-2820.0
1697	1714	-2341	I10	-313.5	1104.0	-1664.1	-98.0	-2820.0
1698	508	-1125	I10	-308.5	1010.9	-1554.8	-98.0	-2719.0
1699	172	-355	I10	-91.5	997.7	-1495.5	-98.0	-2719.0
1700	1256	-1540	I10	-142.0	1067.3	-1580.8	-98.0	-2719.0
1701	1981	-2737	I10	-378.0	1092.3	-1655.8	-98.0	-2737.0
1702	1312	-2144	I10	-416.0	1022.2	-1599.0	-98.0	-2737.0
1703	132	-823	I10	-345.5	944.5	-1500.7	-98.0	-2737.0
1704	567	-723	I10	-78.0	1011.0	-1519.4	-98.0	-2737.0
1705	1778	-2075	I10	-148.5	1122.1	-1623.2	-98.0	-2737.0
1706	1961	-2636	I10	-337.5	1138.1	-1649.9	-98.0	-2737.0
1707	762	-1634	I10	-436.0	1042.9	-1579.2	-98.0	-2737.0
1708	-94	-393	I10	-243.5	982.7	-1506.0	-98.0	-2737.0
1709	790	-1078	I10	-144.0	1044.5	-1578.3	-98.0	-2737.0
1710	1947	-2436	I10	-244.5	1113.6	-1667.9	-98.0	-2737.0
1711	1696	-2219	I10	-261.5	1085.1	-1616.1	-98.0	-2737.0
1712	457	-938	I10	-240.5	999.6	-1495.5	-98.0	-2737.0
1713	317	-335	I10	-9.0	1018.1	-1446.7	-98.0	-2737.0
1714	1486	-1666	I10	-90.0	1110.0	-1541.0	-94.0	-2737.0
1715	2048	-2778	I10	-365.0	1137.0	-1611.3	-94.0	-2778.0
1716	1192	-2046	I10	-427.0	1060.1	-1552.3	-94.0	-2778.0
1717	59	-724	I10	-332.5	989.8	-1461.3	-94.0	-2778.0
1718	642	-948	I10	-153.0	1063.4	-1516.8	-94.0	-2778.0
1719	1854	-2339	I10	-242.5	1169.8	-1642.9	-94.0	-2778.0
1720	1869	-2659	I10	-395.0	1162.0	-1665.2	-94.0	-2778.0
1721	637	-1542	I10	-452.5	1056.1	-1597.5	-94.0	-2778.0
1722	-11	-492	I10	-251.5	1009.3	-1552.9	-94.0	-2778.0
1723	1020	-1409	I10	-194.5	1079.6	-1660.3	-94.0	-2778.0
1724	2012	-2766	I10	-377.0	1132.2	-1770.3	-94.0	-2778.0
1725	1595	-2312	I10	-358.5	1086.9	-1723.7	-94.0	-2778.0
1726	374	-1012	I10	-319.0	1005.1	-1620.3	-94.0	-2778.0
1727	474	-589	I10	-57.5	1046.6	-1606.8	-94.0	-2778.0
1728	1662	-1925	I10	-131.5	1148.6	-1704.5	-11.0	-2778.0
1729	2047	-2772	I10	-362.5	1167.9	-1747.8	-11.0	-2778.0
1730	1033	-1786	I10	-376.5	1084.3	-1660.5	-11.0	-2778.0
1731	4	-438	I10	-217.0	1021.0	-1550.1	-11.0	-2778.0
1732	722	-688	I10	17.0	1094.3	-1569.7	-11.0	-2778.0
1733	1863	-1636	I10	113.5	1178.6	-1592.4	-11.0	-2778.0
1734	1814	-1280	I10	267.0	1158.8	-1443.8	-11.0	-2778.0
1738	2119	-675	I10	722.0	1211.2	-1280.1	-11.0	-2772.0
1752	2179	-109	I10	1035.0	1391.7	-1189.8	-11.0	-2772.0
1775	2206	-89	I10	1058.5	1564.9	-1139.8	-11.0	-2772.0
1784	2081	-128	I10	976.5	1606.8	-960.1	-11.0	-2772.0
1798	2138	-146	I10	996.0	1615.9	-697.5	-11.0	-2772.0
1821	2141	-110	I10	1015.5	1726.7	-529.9	-11.0	-2772.0
