	X	Y	Label	meanY	avgX	avgY	minX	minY
123	2066	-154	H12	956.0				
128	2184	-401	H12	891.5				
132	1894	-123	H12	885.5				
133	1678	-138	H12	770.0				
137	1995	-647	H12	674.0				
141	1720	-277	H12	721.5				
142	1928	-809	H12	559.5				
146	2120	-1196	H12	462.0				
147	1583	-891	H12	346.0				
150	1644	-630	H12	507.0	1881.2	-526.6		
151	2151	-1489	H12	331.0	1889.7	-660.1		
152	1038	-700	H12	169.0	1775.1	-690.0		
155	1856	-1149	H12	353.5	1771.3	-792.6		
156	1691	-1105	H12	293.0	1772.6	-889.3		
159	1275	-393	H12	441.0	1700.6	-863.9		
160	2077	-1557	H12	260.0	1736.3	-991.9		
161	1294	-987	H12	153.5	1672.9	-1009.7		
164	1837	-1032	H12	402.5	1644.6	-993.3		
165	2044	-1485	H12	279.5	1690.7	-1052.7		
166	823	-541	H12	141.0	1608.6	-1043.8	823.0	-1557.0
168	982	-137	H12	422.5	1491.7	-908.6	823.0	-1557.0
169	2126	-1442	H12	342.0	1600.5	-982.8	823.0	-1557.0
170	1680	-1072	H12	304.0	1582.9	-975.1	823.0	-1557.0
173	1683	-641	H12	521.0	1582.1	-928.7	823.0	-1557.0
174	2198	-1505	H12	346.5	1674.4	-1039.9	823.0	-1557.0
175	1163	-734	H12	214.5	1583.0	-957.6	823.0	-1557.0
178	1912	-1144	H12	384.0	1644.8	-973.3	823.0	-1557.0
179	1809	-1187	H12	311.0	1642.0	-988.8	823.0	-1557.0
180	581	-107	H12	237.0	1495.7	-851.0	581.0	-1557.0
182	1205	-289	H12	458.0	1533.9	-825.8	581.0	-1557.0
183	2064	-1495	H12	284.5	1642.1	-961.6	581.0	-1557.0
184	1363	-966	H12	198.5	1565.8	-914.0	581.0	-1557.0
187	1806	-850	H12	478.0	1578.4	-891.8	581.0	-1557.0
188	2055	-1399	H12	328.0	1615.6	-967.6	581.0	-1557.0
189	839	-509	H12	165.0	1479.7	-868.0	581.0	-1557.0
192	2127	-1320	H12	403.5	1576.1	-926.6	581.0	-1505.0
193	1725	-1017	H12	354.0	1557.4	-913.9	581.0	-1505.0
196	1598	-500	H12	549.0	1536.3	-845.2	581.0	-1505.0
197	2194	-1484	H12	355.0	1697.6	-982.9	581.0	-1505.0
198	1202	-766	H12	218.0	1697.3	-1030.6	581.0	-1505.0
201	1882	-1124	H12	379.0	1679.1	-993.5	581.0	-1505.0
202	1817	-1237	H12	290.0	1724.5	-1020.6	581.0	-1505.0
203	617	-221	H12	198.0	1605.6	-957.7	581.0	-1505.0
205	1108	-293	H12	407.5	1510.9	-847.1	581.0	-1505.0
206	2051	-1520	H12	265.5	1632.1	-948.2	581.0	-1520.0
207	1421	-1017	H12	202.0	1561.5	-917.9	581.0	-1520.0
210	1749	-760	H12	494.5	1563.9	-892.2	581.0	-1520.0
211	2057	-1383	H12	337.0	1609.8	-980.5	581.0	-1520.0
212	923	-566	H12	178.5	1482.7	-888.7	617.0	-1520.0
215	2017	-1010	H12	503.5	1564.2	-913.1	617.0	-1520.0
216	1736	-661	H12	537.5	1549.6	-866.8	617.0	-1520.0
220	2205	-632	H12	786.5	1588.4	-806.3	617.0	-1520.0
280	2096	-586	H12	755.0	1736.3	-842.8	617.0	-1520.0
284	1831	-471	H12	680.0	1808.6	-860.6	617.0	-1520.0
285	1672	-612	H12	530.0	1770.7	-769.8	617.0	-1520.0
289	2110	-1295	H12	407.5	1839.6	-797.6	617.0	-1520.0
290	1357	-808	H12	274.5	1800.4	-802.4	617.0	-1520.0
293	1834	-910	H12	462.0	1778.1	-755.1	617.0	-1520.0
294	2082	-1486	H12	298.0	1894.0	-847.1	617.0	-1520.0
295	891	-633	H12	129.0	1781.4	-809.4	617.0	-1520.0
297	953	-189	H12	382.0	1703.1	-762.2	617.0	-1520.0
298	2115	-1484	H12	315.5	1694.1	-847.4	617.0	-1520.0
299	1749	-1180	H12	284.5	1659.4	-906.8	891.0	-1520.0
302	1742	-731	H12	505.5	1650.5	-932.8	891.0	-1520.0
303	2304	-1645	H12	329.5	1713.7	-1036.1	891.0	-1645.0
304	1328	-913	H12	207.5	1635.5	-997.9	891.0	-1645.0
307	2036	-1244	H12	396.0	1703.4	-1041.5	891.0	-1645.0
308	1995	-1398	H12	298.5	1719.5	-1090.3	891.0	-1645.0
309	771	-365	H12	203.0	1588.4	-978.2	771.0	-1645.0
311	1220	-397	H12	411.5	1621.3	-954.6	771.0	-1645.0
312	2150	-1594	H12	278.0	1741.0	-1095.1	771.0	-1645.0
313	1553	-1118	H12	217.5	1684.8	-1058.5	771.0	-1645.0
316	1871	-905	H12	483.0	1697.0	-1031.0	771.0	-1645.0
317	2185	-1523	H12	331.0	1741.3	-1110.2	771.0	-1645.0
318	1032	-674	H12	179.0	1614.1	-1013.1	771.0	-1645.0
321	2038	-1240	H12	399.0	1685.1	-1045.8	771.0	-1645.0
322	1807	-1094	H12	356.5	1662.2	-1030.8	771.0	-1645.0
325	1502	-507	H12	497.5	1612.9	-941.7	771.0	-1645.0
326	2189	-1624	H12	282.5	1754.7	-1067.6	771.0	-1645.0
327	1329	-1013	H12	158.0	1765.6	-1129.2	771.0	-1645.0
330	1890	-1160	H12	365.0	1739.6	-1085.8	771.0	-1645.0
331	2002	-1498	H12	252.0	1784.5	-1123.8	771.0	-1645.0
332	830	-569	H12	130.5	1680.4	-1090.2	771.0	-1645.0
334	1031	-270	H12	380.5	1565.0	-964.9	771.0	-1645.0
335	2094	-1489	H12	302.5	1671.2	-1046.4	771.0	-1624.0
336	1661	-1081	H12	290.0	1633.5	-1030.5	771.0	-1624.0
339	1784	-719	H12	532.5	1631.2	-993.0	771.0	-1624.0
340	2263	-1567	H12	348.0	1707.3	-1099.0	771.0	-1624.0
341	1250	-839	H12	205.5	1613.4	-1020.5	830.0	-1624.0
344	1922	-1215	H12	353.5	1672.7	-1040.7	830.0	-1624.0
345	1872	-1310	H12	281.0	1670.9	-1055.7	830.0	-1624.0
346	707	-286	H12	210.5	1541.4	-934.5	707.0	-1624.0
348	1232	-411	H12	410.5	1581.6	-918.7	707.0	-1624.0
349	2104	-1591	H12	256.5	1688.9	-1050.8	707.0	-1624.0
350	1486	-1096	H12	195.0	1628.1	-1011.5	707.0	-1624.0
353	1889	-919	H12	485.0	1650.9	-995.3	707.0	-1624.0
354	2193	-1534	H12	329.5	1691.8	-1076.8	707.0	-1624.0
355	1015	-672	H12	171.5	1567.0	-987.3	707.0	-1624.0
358	2069	-1256	H12	406.5	1648.9	-1029.0	707.0	-1591.0
359	1820	-1094	H12	363.0	1638.7	-1016.9	707.0	-1591.0
362	1558	-510	H12	524.0	1607.3	-936.9	707.0	-1591.0
363	2231	-1594	H12	318.5	1759.7	-1067.7	707.0	-1594.0
364	1365	-956	H12	204.5	1773.0	-1122.2	707.0	-1594.0
367	1984	-1181	H12	401.5	1761.0	-1081.2	707.0	-1594.0
368	2071	-1507	H12	282.0	1819.5	-1122.3	707.0	-1594.0
369	874	-553	H12	160.5	1718.0	-1085.7	707.0	-1594.0
371	1143	-342	H12	400.5	1613.0	-966.5	707.0	-1594.0
372	2170	-1581	H12	294.5	1728.5	-1057.4	707.0	-1594.0
373	1701	-1161	H12	270.0	1691.7	-1047.9	707.0	-1594.0
376	1865	-847	H12	509.0	1696.2	-1023.2	707.0	-1594.0
377	2309	-1644	H12	332.5	1771.3	-1136.6	707.0	-1644.0
378	1249	-861	H12	194.0	1673.1	-1063.3	874.0	-1644.0
381	2041	-1287	H12	377.0	1740.7	-1096.4	874.0	-1644.0
382	1895	-1285	H12	305.0	1731.8	-1106.8	874.0	-1644.0
383	662	-203	H12	229.5	1590.9	-976.4	662.0	-1644.0
385	1333	-457	H12	438.0	1636.8	-966.8	662.0	-1644.0
386	2138	-1631	H12	253.5	1736.3	-1095.7	662.0	-1644.0
387	1417	-1077	H12	170.0	1661.0	-1045.3	662.0	-1644.0
390	1886	-1018	H12	434.0	1679.5	-1031.0	662.0	-1644.0
391	2093	-1517	H12	288.0	1702.3	-1098.0	662.0	-1644.0
392	942	-660	H12	141.0	1565.6	-999.6	662.0	-1644.0
394	961	-108	H12	426.5	1536.8	-924.3	662.0	-1644.0
395	2061	-1341	H12	360.0	1538.8	-929.7	662.0	-1644.0
396	1739	-1069	H12	335.0	1523.2	-908.1	662.0	-1644.0
399	1641	-631	H12	505.0	1621.1	-950.9	662.0	-1644.0
400	2235	-1592	H12	321.5	1711.3	-1064.4	662.0	-1644.0
401	1312	-909	H12	201.5	1628.7	-992.2	662.0	-1644.0
404	1939	-1067	H12	436.0	1680.9	-991.2	662.0	-1644.0
405	1996	-1107	H12	444.5	1691.9	-1000.1	662.0	-1644.0
409	2129	-700	H12	714.5	1695.5	-918.4	662.0	-1644.0
515	2032	-412	H12	810.0	1804.5	-893.6	662.0	-1631.0
520	2062	-371	H12	845.5	1914.6	-919.9	662.0	-1631.0
524	2104	-500	H12	802.0	1918.9	-835.8	662.0	-1631.0
525	1681	-345	H12	668.0	1913.1	-763.4	662.0	-1631.0
529	2178	-1155	H12	511.5	1966.8	-815.8	942.0	-1631.0
530	1144	-522	H12	311.0	1857.7	-708.8	942.0	-1631.0
533	1901	-993	H12	454.0	1916.6	-717.2	942.0	-1592.0
534	1782	-1067	H12	357.5	1900.9	-717.2	942.0	-1592.0
537	1203	-190	H12	506.5	1821.6	-625.5	942.0	-1592.0
538	2115	-1414	H12	350.5	1820.2	-696.9	942.0	-1592.0
539	1382	-849	H12	266.5	1755.2	-740.6	961.0	-1592.0
542	1845	-762	H12	541.5	1733.5	-779.7	1144.0	-1592.0
543	2122	-1355	H12	383.5	1735.3	-865.2	1144.0	-1592.0
544	919	-504	H12	207.5	1659.1	-881.1	919.0	-1592.0
547	2166	-1381	H12	392.5	1657.9	-903.7	919.0	-1592.0
548	1761	-1144	H12	308.5	1719.6	-965.9	919.0	-1414.0
551	1725	-757	H12	484.0	1702.0	-942.3	919.0	-1414.0
552	2305	-1703	H12	301.0	1754.3	-1005.9	919.0	-1703.0
553	1309	-959	H12	175.0	1764.9	-1082.8	919.0	-1703.0
556	2029	-1341	H12	344.0	1756.3	-1075.5	919.0	-1703.0
557	1958	-1452	H12	253.0	1813.9	-1135.8	919.0	-1703.0
558	755	-398	H12	178.5	1704.9	-1099.4	755.0	-1703.0
560	1262	-483	H12	389.5	1618.9	-1012.2	755.0	-1703.0
561	2152	-1668	H12	242.0	1742.2	-1128.6	755.0	-1703.0
562	1518	-1164	H12	177.0	1677.4	-1106.9	755.0	-1703.0
565	1885	-959	H12	463.0	1689.8	-1088.4	755.0	-1703.0
566	2182	-1561	H12	310.5	1735.5	-1168.8	755.0	-1703.0
567	996	-697	H12	149.5	1604.6	-1068.2	755.0	-1703.0
570	2154	-1345	H12	404.5	1689.1	-1106.8	755.0	-1703.0
571	1845	-1126	H12	359.5	1670.7	-1085.3	755.0	-1703.0
574	1651	-596	H12	527.5	1640.0	-999.7	755.0	-1703.0
575	2291	-1645	H12	323.0	1793.6	-1124.4	755.0	-1703.0
576	1376	-965	H12	205.5	1805.0	-1172.6	755.0	-1703.0
579	2020	-1259	H12	380.5	1791.8	-1131.7	755.0	-1703.0
580	2065	-1492	H12	286.5	1846.5	-1164.5	755.0	-1703.0
581	864	-496	H12	184.0	1744.4	-1118.2	755.0	-1703.0
583	1202	-389	H12	406.5	1646.4	-1001.0	755.0	-1703.0
584	2185	-1621	H12	282.0	1765.3	-1093.4	755.0	-1668.0
585	1654	-1163	H12	245.5	1715.3	-1075.2	755.0	-1668.0
588	1882	-862	H12	510.0	1719.0	-1048.8	755.0	-1668.0
589	2238	-1574	H12	332.0	1777.7	-1146.6	755.0	-1668.0
590	1119	-783	H12	168.0	1660.5	-1060.4	864.0	-1668.0
593	2002	-1297	H12	352.5	1723.1	-1093.6	864.0	-1668.0
594	1832	-1217	H12	307.5	1704.3	-1089.4	864.0	-1645.0
595	608	-103	H12	252.5	1558.6	-950.5	608.0	-1645.0
597	1374	-453	H12	460.5	1609.6	-946.2	608.0	-1645.0
598	2130	-1599	H12	265.5	1702.4	-1067.2	608.0	-1645.0
599	1361	-1033	H12	164.0	1620.0	-1008.4	608.0	-1645.0
602	1856	-1040	H12	408.0	1640.2	-996.1	608.0	-1645.0
603	2034	-1482	H12	276.0	1655.4	-1058.1	608.0	-1645.0
604	888	-608	H12	140.0	1520.4	-961.5	608.0	-1645.0
606	996	-172	H12	412.0	1508.1	-900.4	608.0	-1621.0
607	2142	-1428	H12	357.0	1522.1	-913.5	608.0	-1621.0
608	1786	-1116	H12	335.0	1517.5	-903.4	608.0	-1621.0
611	1762	-661	H12	550.5	1632.9	-959.2	608.0	-1621.0
612	2314	-1607	H12	353.5	1726.9	-1074.6	608.0	-1621.0
613	1348	-894	H12	227.0	1648.7	-1004.1	608.0	-1621.0
616	1983	-1245	H12	369.0	1710.9	-1025.3	608.0	-1607.0
617	1962	-1407	H12	277.5	1721.5	-1062.0	608.0	-1607.0
618	775	-394	H12	190.5	1595.6	-953.2	608.0	-1607.0
620	1233	-417	H12	408.0	1630.1	-934.1	608.0	-1607.0
621	2158	-1632	H12	263.0	1746.3	-1080.1	608.0	-1632.0
622	1571	-1146	H12	212.5	1689.2	-1051.9	608.0	-1632.0
625	1928	-890	H12	519.0	1703.4	-1029.3	608.0	-1632.0
626	2284	-1558	H12	363.0	1755.6	-1119.0	775.0	-1632.0
627	1110	-718	H12	196.0	1635.2	-1030.1	775.0	-1632.0
630	2083	-1255	H12	414.0	1708.7	-1066.2	775.0	-1632.0
631	1854	-1129	H12	362.5	1695.8	-1054.6	775.0	-1632.0
634	1502	-500	H12	501.0	1649.8	-963.9	775.0	-1632.0
635	2198	-1620	H12	289.0	1792.1	-1086.5	775.0	-1632.0
636	1352	-1018	H12	167.0	1804.0	-1146.6	775.0	-1632.0
639	1937	-1187	H12	375.0	1781.9	-1102.1	775.0	-1632.0
640	2050	-1562	H12	244.0	1829.8	-1143.7	775.0	-1632.0
641	882	-629	H12	126.5	1725.2	-1117.6	775.0	-1632.0
643	1079	-315	H12	382.0	1604.7	-993.3	775.0	-1632.0
644	2146	-1535	H12	305.5	1708.3	-1075.0	775.0	-1632.0
645	1756	-1155	H12	300.5	1675.6	-1065.0	775.0	-1632.0
648	1851	-754	H12	548.5	1675.3	-1027.5	775.0	-1632.0
649	2328	-1607	H12	360.5	1757.9	-1138.2	775.0	-1632.0
650	1330	-875	H12	227.5	1671.1	-1063.7	882.0	-1632.0
653	2037	-1236	H12	400.5	1739.6	-1085.5	882.0	-1632.0
654	1974	-1333	H12	320.5	1743.3	-1100.1	882.0	-1620.0
655	773	-312	H12	230.5	1615.6	-975.1	773.0	-1620.0
657	1296	-412	H12	442.0	1657.0	-953.4	773.0	-1620.0
658	2173	-1624	H12	274.5	1766.4	-1084.3	773.0	-1624.0
659	1547	-1119	H12	214.0	1706.5	-1042.7	773.0	-1624.0
662	1927	-933	H12	497.0	1723.6	-1020.5	773.0	-1624.0
663	2199	-1540	H12	329.5	1758.4	-1099.1	773.0	-1624.0
664	1053	-702	H12	175.5	1630.9	-1008.6	773.0	-1624.0
667	2112	-1294	H12	409.0	1709.1	-1050.5	773.0	-1624.0
668	1806	-1080	H12	363.0	1686.0	-1034.9	773.0	-1624.0
671	1588	-553	H12	517.5	1647.4	-956.9	773.0	-1624.0
672	2254	-1650	H12	302.0	1795.5	-1090.7	773.0	-1650.0
673	1352	-978	H12	187.0	1801.1	-1147.3	773.0	-1650.0
676	2028	-1303	H12	362.5	1786.6	-1115.2	773.0	-1650.0
677	2097	-1453	H12	322.0	1841.6	-1148.6	773.0	-1650.0
678	872	-335	H12	268.5	1736.1	-1088.8	773.0	-1650.0
681	2179	-1030	H12	574.5	1734.1	-1037.8	773.0	-1650.0
682	1631	-332	H12	649.5	1791.9	-1000.8	773.0	-1650.0
686	2162	-137	H12	1012.5	1796.9	-885.1	773.0	-1650.0
755	2141	-184	H12	978.5	1830.4	-795.5	773.0	-1650.0
760	1713	-237	H12	738.0	1842.9	-763.9	773.0	-1650.0
764	2028	-820	H12	604.0	1820.3	-680.9	872.0	-1650.0
765	1287	-338	H12	474.5	1813.8	-616.9	872.0	-1650.0
768	1753	-409	H12	672.0	1786.3	-527.5	872.0	-1650.0
769	2018	-998	H12	510.0	1778.4	-482.0	872.0	-1650.0
770	815	-159	H12	328.0	1772.7	-464.4	815.0	-1650.0
773	2134	-1035	H12	549.5	1768.2	-464.9	815.0	-1650.0
774	1760	-796	H12	482.0	1781.1	-511.3	815.0	-1650.0
777	1700	-365	H12	667.5	1734.9	-534.1	815.0	-1650.0
778	2300	-1320	H12	490.0	1750.8	-647.7	815.0	-1650.0
779	1321	-621	H12	350.0	1711.6	-686.1	815.0	-1650.0
782	2002	-929	H12	536.5	1709.0	-697.0	815.0	-1453.0
783	1977	-1087	H12	445.0	1778.0	-771.9	815.0	-1453.0
784	787	-101	H12	343.0	1681.4	-741.1	787.0	-1453.0
786	1265	-141	H12	562.0	1606.1	-655.4	787.0	-1320.0
787	2176	-1325	H12	425.5	1742.2	-772.0	787.0	-1325.0
788	1580	-861	H12	359.5	1686.8	-754.6	787.0	-1325.0
791	1904	-633	H12	635.5	1701.2	-738.3	787.0	-1325.0
792	2229	-1276	H12	476.5	1754.1	-829.4	787.0	-1325.0
793	1075	-456	H12	309.5	1631.6	-743.0	787.0	-1325.0
796	2071	-979	H12	546.0	1706.6	-778.8	787.0	-1325.0
797	1837	-846	H12	495.5	1690.1	-770.5	787.0	-1325.0
800	1546	-212	H12	667.0	1647.0	-683.0	787.0	-1325.0
801	2243	-1318	H12	462.5	1792.6	-804.7	787.0	-1325.0
802	1413	-700	H12	356.5	1807.4	-860.6	787.0	-1325.0
805	1966	-881	H12	542.5	1786.4	-816.2	787.0	-1325.0
806	2091	-1230	H12	430.5	1837.5	-853.1	787.0	-1325.0
807	918	-287	H12	315.5	1738.9	-818.5	787.0	-1325.0
810	2198	-1300	H12	449.0	1735.8	-820.9	787.0	-1325.0
811	1737	-880	H12	428.5	1802.0	-863.3	787.0	-1325.0
814	1868	-510	H12	679.0	1781.7	-816.4	787.0	-1325.0
815	2328	-1314	H12	507.0	1830.8	-863.2	787.0	-1325.0
816	1270	-540	H12	365.0	1803.2	-896.0	787.0	-1325.0
819	2059	-979	H12	540.0	1784.8	-862.1	918.0	-1325.0
820	1915	-971	H12	472.0	1835.0	-889.2	918.0	-1325.0
823	1385	-169	H12	608.0	1776.9	-818.0	918.0	-1318.0
824	2211	-1368	H12	421.5	1788.9	-831.8	918.0	-1368.0
825	1462	-806	H12	328.0	1843.3	-883.7	918.0	-1368.0
828	1940	-777	H12	581.5	1817.5	-831.4	918.0	-1368.0
829	2163	-1285	H12	439.0	1860.1	-871.9	918.0	-1368.0
830	969	-383	H12	293.0	1770.2	-859.2	918.0	-1368.0
833	2218	-1216	H12	501.0	1759.2	-849.4	918.0	-1368.0
834	1826	-890	H12	468.0	1814.8	-884.4	918.0	-1368.0
837	1817	-448	H12	684.5	1790.6	-831.3	918.0	-1368.0
838	2348	-1346	H12	501.0	1833.9	-868.8	918.0	-1368.0
839	1366	-609	H12	378.5	1832.0	-912.8	918.0	-1368.0
842	2037	-961	H12	538.0	1814.6	-872.1	918.0	-1368.0
843	1982	-1066	H12	458.0	1866.6	-898.1	969.0	-1368.0
846	1292	-154	H12	569.0	1801.8	-835.8	969.0	-1368.0
847	2181	-1351	H12	415.0	1803.6	-842.4	969.0	-1368.0
848	1565	-854	H12	355.5	1863.2	-889.5	969.0	-1368.0
851	1884	-632	H12	626.0	1829.8	-831.1	969.0	-1368.0
852	2204	-1250	H12	477.0	1867.6	-867.1	969.0	-1368.0
853	1053	-424	H12	314.5	1791.2	-864.7	969.0	-1368.0
856	2113	-976	H12	568.5	1767.7	-827.7	969.0	-1368.0
857	1846	-790	H12	528.0	1815.7	-845.8	969.0	-1368.0
860	1535	-231	H12	652.0	1765.5	-772.8	969.0	-1351.0
861	2212	-1312	H12	450.0	1788.5	-797.4	969.0	-1351.0
862	1328	-677	H12	325.5	1792.1	-849.7	969.0	-1351.0
865	1874	-916	H12	479.0	1761.4	-806.2	969.0	-1351.0
866	1973	-1204	H12	384.5	1802.2	-841.2	1053.0	-1351.0
867	756	-229	H12	263.5	1689.4	-800.9	756.0	-1351.0
870	2115	-1280	H12	417.5	1680.5	-803.9	756.0	-1351.0
871	1576	-752	H12	412.0	1732.8	-836.7	756.0	-1351.0
874	1743	-197	H12	773.0	1695.8	-758.8	756.0	-1351.0
875	2177	-749	H12	714.0	1728.9	-754.7	756.0	-1351.0
944	2100	-164	H12	968.0	1785.4	-748.0	756.0	-1351.0
953	2025	-596	H12	714.5	1766.7	-676.4	756.0	-1351.0
957	1636	-238	H12	699.0	1797.5	-632.5	756.0	-1351.0
958	1808	-644	H12	582.0	1790.9	-605.3	756.0	-1312.0
962	2020	-1031	H12	494.5	1795.6	-588.0	756.0	-1312.0
963	1450	-640	H12	405.0	1865.0	-629.1	756.0	-1312.0
966	1726	-470	H12	628.0	1826.1	-548.1	756.0	-1312.0
967	2192	-1330	H12	431.0	1887.7	-605.9	756.0	-1330.0
968	1041	-597	H12	222.0	1817.5	-645.9	756.0	-1330.0
971	1990	-1200	H12	395.0	1798.8	-691.0	756.0	-1330.0
972	1780	-1113	H12	333.5	1766.8	-785.9	756.0	-1330.0
975	1421	-440	H12	490.5	1706.4	-770.3	756.0	-1330.0
976	2179	-1556	H12	311.5	1760.7	-902.1	756.0	-1556.0
977	1385	-958	H12	213.5	1718.4	-933.5	756.0	-1556.0
980	1936	-1042	H12	447.0	1710.0	-934.6	756.0	-1556.0
981	2102	-1462	H12	320.0	1775.2	-1016.8	1041.0	-1556.0
982	930	-571	H12	179.5	1695.6	-1026.9	930.0	-1556.0
984	1070	-211	H12	429.5	1583.4	-915.0	930.0	-1556.0
985	2179	-1505	H12	337.0	1697.2	-1005.8	930.0	-1556.0
986	1773	-1175	H12	299.0	1675.5	-1003.3	930.0	-1556.0
989	1768	-804	H12	482.0	1674.3	-972.4	930.0	-1556.0
990	2267	-1652	H12	307.5	1758.9	-1093.6	930.0	-1652.0
991	1267	-928	H12	169.5	1667.7	-1030.8	930.0	-1652.0
994	2000	-1263	H12	368.5	1729.2	-1061.3	930.0	-1652.0
995	1957	-1349	H12	304.0	1731.3	-1092.0	930.0	-1652.0
996	784	-333	H12	225.5	1599.5	-979.1	784.0	-1652.0
998	1285	-379	H12	453.0	1635.0	-959.9	784.0	-1652.0
999	2179	-1557	H12	311.0	1745.9	-1094.5	784.0	-1652.0
1000	1591	-1098	H12	246.5	1687.1	-1053.8	784.0	-1652.0
1003	1953	-901	H12	526.0	1705.1	-1026.4	784.0	-1652.0
1004	2257	-1534	H12	361.5	1754.0	-1099.4	784.0	-1652.0
1005	1139	-717	H12	211.0	1641.2	-1005.9	784.0	-1652.0
1008	2132	-1274	H12	429.0	1727.7	-1040.5	784.0	-1652.0
1009	1897	-1127	H12	385.0	1717.4	-1026.9	784.0	-1652.0
1012	1591	-526	H12	532.5	1680.8	-944.6	784.0	-1652.0
1013	2294	-1649	H12	322.5	1831.8	-1076.2	784.0	-1652.0
1014	1404	-994	H12	205.0	1843.7	-1137.7	784.0	-1652.0
1017	2005	-1239	H12	383.0	1826.3	-1105.9	784.0	-1652.0
1018	2110	-1588	H12	261.0	1878.2	-1154.9	784.0	-1652.0
1019	905	-611	H12	147.0	1773.4	-1125.9	784.0	-1652.0
1021	1150	-377	H12	386.5	1662.7	-1010.2	784.0	-1652.0
1022	2156	-1616	H12	270.0	1764.4	-1100.1	784.0	-1649.0
1023	1667	-1179	H12	244.0	1717.9	-1090.6	784.0	-1649.0
1026	1881	-864	H12	508.5	1716.3	-1064.3	784.0	-1649.0
1027	2317	-1628	H12	344.5	1788.9	-1174.5	784.0	-1649.0
1028	1227	-828	H12	199.5	1682.2	-1092.4	905.0	-1649.0
1031	2066	-1323	H12	371.5	1748.4	-1125.3	905.0	-1649.0
1032	1911	-1313	H12	299.0	1739.0	-1132.7	905.0	-1649.0
1033	698	-209	H12	244.5	1597.8	-994.8	698.0	-1649.0
1035	1367	-498	H12	434.5	1644.0	-983.5	698.0	-1649.0
1036	2155	-1651	H12	252.0	1744.5	-1110.9	698.0	-1651.0
1037	1416	-1104	H12	156.0	1670.5	-1059.7	698.0	-1651.0
1040	1911	-1085	H12	413.0	1694.9	-1050.3	698.0	-1651.0
1041	2106	-1561	H12	272.5	1717.4	-1120.0	698.0	-1651.0
1042	972	-686	H12	143.0	1582.9	-1025.8	698.0	-1651.0
1044	1027	-182	H12	422.5	1562.9	-961.2	698.0	-1651.0
1045	2159	-1403	H12	378.0	1572.2	-969.2	698.0	-1651.0
1046	1846	-1132	H12	357.0	1565.7	-951.1	698.0	-1651.0
1049	1749	-668	H12	540.5	1670.8	-997.0	698.0	-1651.0
1050	2336	-1647	H12	344.5	1767.7	-1111.9	698.0	-1651.0
1051	1439	-983	H12	228.0	1696.1	-1045.1	698.0	-1651.0
1054	2055	-1293	H12	381.0	1760.0	-1064.0	698.0	-1651.0
1055	2093	-1533	H12	280.0	1778.2	-1108.8	698.0	-1651.0
1056	891	-524	H12	183.5	1656.7	-1005.1	698.0	-1651.0
1058	1257	-432	H12	412.5	1685.2	-979.7	698.0	-1651.0
1059	2238	-1683	H12	277.5	1806.3	-1129.8	698.0	-1683.0
1060	1699	-1224	H12	237.5	1760.3	-1111.9	698.0	-1683.0
1063	1972	-937	H12	517.5	1772.9	-1092.4	698.0	-1683.0
1064	2326	-1642	H12	342.0	1830.6	-1189.8	891.0	-1683.0
1065	1174	-801	H12	186.5	1714.4	-1105.2	891.0	-1683.0
1068	2118	-1330	H12	394.0	1782.3	-1139.9	891.0	-1683.0
1069	1901	-1225	H12	338.0	1766.9	-1133.1	891.0	-1683.0
1070	680	-90	H12	295.0	1625.6	-988.8	680.0	-1683.0
1072	1493	-508	H12	492.5	1685.8	-987.2	680.0	-1683.0
1073	2223	-1649	H12	287.0	1782.4	-1108.9	680.0	-1683.0
1074	1391	-1033	H12	179.0	1697.7	-1043.9	680.0	-1683.0
1077	1917	-1172	H12	372.5	1719.5	-1038.7	680.0	-1683.0
1078	2068	-1568	H12	250.0	1729.1	-1101.8	680.0	-1683.0
1079	899	-658	H12	120.5	1586.4	-1003.4	680.0	-1683.0
1081	1088	-294	H12	397.0	1577.8	-952.7	680.0	-1683.0
1082	2149	-1541	H12	304.0	1580.9	-973.8	680.0	-1683.0
1083	1734	-1183	H12	275.5	1564.2	-969.6	680.0	-1683.0
1086	1807	-840	H12	483.5	1676.9	-1044.6	680.0	-1683.0
1087	2312	-1723	H12	294.5	1758.8	-1166.1	680.0	-1723.0
1088	1283	-1005	H12	139.0	1664.8	-1101.7	680.0	-1723.0
1091	1869	-1125	H12	372.0	1712.6	-1110.9	680.0	-1723.0
1092	1794	-1003	H12	395.5	1700.3	-1094.0	680.0	-1723.0
1096	1956	-600	H12	678.0	1689.1	-997.2	680.0	-1723.0
1170	2128	-140	H12	994.0	1812.0	-945.4	680.0	-1723.0
1179	2013	-672	H12	670.5	1904.5	-983.2	680.0	-1723.0
1180	1145	-106	H12	519.5	1804.1	-839.7	680.0	-1723.0
1183	1716	-316	H12	700.0	1802.3	-753.0	680.0	-1723.0
1184	1880	-717	H12	581.5	1809.6	-740.7	899.0	-1723.0
1188	2085	-1007	H12	539.0	1786.9	-669.1	899.0	-1723.0
1189	1559	-607	H12	476.0	1814.5	-629.3	899.0	-1723.0
1192	1719	-356	H12	681.5	1799.5	-552.4	899.0	-1723.0
1193	2184	-1213	H12	485.5	1838.5	-573.4	899.0	-1723.0
1194	1058	-480	H12	289.0	1748.7	-561.4	899.0	-1723.0
1197	2010	-1112	H12	449.0	1736.9	-658.6	1058.0	-1723.0
1198	1827	-1123	H12	352.0	1718.3	-703.7	1058.0	-1723.0
1201	1425	-476	H12	474.5	1746.3	-740.7	1058.0	-1723.0
1202	2212	-1667	H12	272.5	1795.9	-875.8	1058.0	-1723.0
1203	1438	-1125	H12	156.5	1751.7	-916.6	1058.0	-1723.0
1206	1938	-1162	H12	388.0	1737.0	-932.1	1058.0	-1667.0
1207	2112	-1553	H12	279.5	1792.3	-1026.7	1058.0	-1667.0
1208	951	-640	H12	155.5	1715.5	-1055.1	951.0	-1667.0
1210	1076	-217	H12	429.5	1604.7	-955.5	951.0	-1667.0
1211	2205	-1461	H12	372.0	1719.4	-1053.6	951.0	-1667.0
1212	1823	-1097	H12	363.0	1700.7	-1052.1	951.0	-1667.0
1215	1830	-671	H12	579.5	1701.0	-1006.9	951.0	-1667.0
1216	2375	-1580	H12	397.5	1796.0	-1117.3	951.0	-1667.0
1217	1401	-879	H12	261.0	1714.9	-1038.5	951.0	-1667.0
1220	2069	-1200	H12	434.5	1778.0	-1046.0	951.0	-1667.0
1221	2054	-1357	H12	348.5	1789.6	-1065.5	951.0	-1667.0
1222	874	-354	H12	260.0	1665.8	-945.6	874.0	-1667.0
1224	1301	-360	H12	470.5	1700.8	-917.6	874.0	-1667.0
1225	2217	-1553	H12	332.0	1814.9	-1051.2	874.0	-1667.0
1226	1632	-1083	H12	274.5	1757.6	-1013.4	874.0	-1667.0
1229	1963	-867	H12	548.0	1771.6	-990.4	874.0	-1667.0
1230	2270	-1513	H12	378.5	1815.6	-1074.6	874.0	-1667.0
1231	1106	-663	H12	221.5	1688.7	-982.9	874.0	-1667.0
1234	2126	-1221	H12	452.5	1761.2	-1017.1	874.0	-1580.0
1235	1896	-1093	H12	401.5	1743.9	-1006.4	874.0	-1580.0
1238	1580	-466	H12	557.0	1696.5	-917.3	874.0	-1580.0
1239	2286	-1599	H12	343.5	1837.7	-1041.8	874.0	-1599.0
1240	1448	-977	H12	235.5	1852.4	-1103.5	874.0	-1599.0
1243	2012	-1200	H12	406.0	1831.9	-1068.2	874.0	-1599.0
1244	2119	-1552	H12	283.5	1880.6	-1115.1	874.0	-1599.0
1245	927	-596	H12	165.5	1777.0	-1088.0	874.0	-1599.0
1247	1153	-328	H12	412.5	1665.3	-969.5	874.0	-1599.0
1248	2202	-1555	H12	323.5	1774.9	-1058.7	874.0	-1599.0
1249	1761	-1135	H12	313.0	1738.4	-1050.1	874.0	-1599.0
1252	1915	-755	H12	580.0	1740.3	-1016.3	874.0	-1599.0
1253	2359	-1555	H12	402.0	1818.2	-1125.2	874.0	-1599.0
1254	1329	-807	H12	261.0	1722.5	-1046.0	927.0	-1599.0
1257	2073	-1232	H12	420.5	1785.0	-1071.5	927.0	-1599.0
1258	1972	-1275	H12	348.5	1781.0	-1079.0	927.0	-1599.0
1259	781	-234	H12	273.5	1647.2	-947.2	781.0	-1599.0
1261	1359	-426	H12	466.5	1690.4	-930.2	781.0	-1599.0
1262	2177	-1605	H12	286.0	1792.8	-1057.9	781.0	-1605.0
1263	1501	-1084	H12	208.5	1722.7	-1010.8	781.0	-1605.0
1266	1941	-968	H12	486.5	1740.7	-994.1	781.0	-1605.0
1267	2188	-1519	H12	334.5	1768.0	-1070.5	781.0	-1605.0
1268	1042	-676	H12	183.0	1636.3	-982.6	781.0	-1605.0
1271	2154	-1214	H12	470.0	1718.8	-1023.3	781.0	-1605.0
1272	1852	-835	H12	508.5	1696.7	-983.6	781.0	-1605.0
1276	2229	-806	H12	711.5	1722.4	-936.7	781.0	-1605.0
