	X	Y	Label	meanY	avgX	avgY	minX	minY
79	2085	-251	I9	917.0				
83	2045	-540	I9	752.5				
84	1752	-620	I9	566.0				
87	1536	-484	I9	526.0				
88	2184	-1891	I9	146.5				
89	1247	-1327	I9	-40.0				
91	675	-382	I9	146.5				
92	1961	-1951	I9	5.0				
93	1992	-2424	I9	-216.0				
94	729	-1430	I9	-350.5	1620.6	-1130.0		
95	101	-482	I9	-190.5	1422.2	-1153.1		
96	1123	-1476	I9	-176.5	1330.0	-1246.7		
97	2043	-2803	I9	-380.0	1359.1	-1465.0		
98	1544	-2335	I9	-395.5	1359.9	-1650.1		
99	346	-1042	I9	-348.0	1176.1	-1565.2		
100	520	-700	I9	-90.0	1103.4	-1502.5		
101	1656	-1989	I9	-166.5	1201.5	-1663.2		
102	1975	-2742	I9	-383.5	1202.9	-1742.3		
103	903	-1873	I9	-485.0	1094.0	-1687.2		
104	-117	-602	I9	-359.5	1009.4	-1604.4	-117.0	-2803.0
105	584	-1025	I9	-220.5	1057.7	-1658.7	-117.0	-2803.0
106	1678	-2302	I9	-312.0	1113.2	-1741.3	-117.0	-2803.0
107	1664	-2347	I9	-341.5	1075.3	-1695.7	-117.0	-2803.0
108	526	-1222	I9	-348.0	973.5	-1584.4	-117.0	-2803.0
109	121	-419	I9	-149.0	951.0	-1522.1	-117.0	-2803.0
110	1132	-1493	I9	-180.5	1012.2	-1601.4	-117.0	-2803.0
111	1898	-2671	I9	-386.5	1036.4	-1669.6	-117.0	-2803.0
112	1351	-2186	I9	-417.5	974.0	-1614.0	-117.0	-2803.0
113	248	-963	I9	-357.5	908.5	-1523.0	-117.0	-2803.0
114	593	-792	I9	-99.5	979.5	-1542.0	-117.0	-2803.0
115	1731	-2071	I9	-170.0	1094.2	-1646.6	-117.0	-2803.0
116	1980	-2714	I9	-367.0	1124.4	-1687.8	-117.0	-2803.0
117	877	-1832	I9	-477.5	1045.7	-1636.3	-117.0	-2742.0
118	-98	-599	I9	-348.5	983.3	-1574.0	-117.0	-2742.0
119	667	-1108	I9	-220.5	1037.9	-1642.9	-117.0	-2742.0
120	1776	-2395	I9	-309.5	1102.3	-1733.1	-117.0	-2742.0
121	1709	-2364	I9	-327.5	1083.4	-1702.4	-117.0	-2742.0
122	551	-1179	I9	-314.0	1003.4	-1601.7	-117.0	-2714.0
123	229	-432	I9	-101.5	1001.5	-1548.6	-117.0	-2714.0
124	1269	-1589	I9	-160.0	1069.1	-1628.3	-98.0	-2714.0
125	1979	-2733	I9	-377.0	1093.9	-1694.5	-98.0	-2733.0
126	1336	-2182	I9	-423.0	1029.5	-1641.3	-98.0	-2733.0
127	203	-920	I9	-358.5	962.1	-1550.1	-98.0	-2733.0
128	641	-802	I9	-80.5	1036.0	-1570.4	-98.0	-2733.0
129	1789	-2084	I9	-147.5	1148.2	-1668.0	-98.0	-2733.0
130	1950	-2632	I9	-341.0	1165.6	-1691.7	-98.0	-2733.0
131	797	-1679	I9	-441.0	1074.4	-1623.2	-98.0	-2733.0
132	-105	-449	I9	-277.0	1008.8	-1550.2	-105.0	-2733.0
133	669	-1018	I9	-174.5	1052.8	-1608.8	-105.0	-2733.0
134	1725	-2286	I9	-280.5	1098.4	-1678.5	-105.0	-2733.0
135	1575	-2159	I9	-292.0	1058.0	-1621.1	-105.0	-2733.0
136	437	-975	I9	-269.0	968.1	-1500.4	-105.0	-2733.0
137	201	-321	I9	-60.0	967.9	-1440.5	-105.0	-2733.0
138	1260	-1565	I9	-152.5	1029.8	-1516.8	-105.0	-2733.0
139	1886	-2666	I9	-390.0	1039.5	-1575.0	-105.0	-2733.0
140	1151	-2053	I9	-451.0	959.6	-1517.1	-105.0	-2733.0
141	29	-788	I9	-379.5	882.8	-1428.0	-105.0	-2733.0
142	558	-847	I9	-144.5	949.1	-1467.8	-105.0	-2733.0
143	1777	-2203	I9	-213.0	1059.9	-1586.3	-105.0	-2733.0
144	1913	-2686	I9	-386.5	1078.7	-1626.3	-105.0	-2733.0
145	734	-1639	I9	-452.5	994.6	-1574.3	-105.0	-2686.0
146	-45	-460	I9	-252.5	946.4	-1522.8	-105.0	-2686.0
147	889	-1212	I9	-161.5	1015.2	-1611.9	-105.0	-2686.0
148	2006	-2562	I9	-278.0	1089.8	-1711.6	-105.0	-2686.0
149	1707	-2277	I9	-285.0	1071.9	-1672.7	-105.0	-2686.0
150	507	-989	I9	-241.0	1007.5	-1566.3	-105.0	-2686.0
151	461	-448	I9	6.5	1050.7	-1532.3	-105.0	-2686.0
152	1599	-1775	I9	-88.0	1154.8	-1625.1	-45.0	-2686.0
153	2101	-2825	I9	-362.0	1187.2	-1687.3	-45.0	-2825.0
154	1199	-2054	I9	-427.5	1115.8	-1624.1	-45.0	-2825.0
155	66	-762	I9	-348.0	1049.0	-1536.4	-45.0	-2825.0
156	642	-1024	I9	-191.0	1117.7	-1592.8	-45.0	-2825.0
157	1812	-2368	I9	-278.0	1210.0	-1708.4	-45.0	-2825.0
158	1812	-2640	I9	-414.0	1190.6	-1716.2	-45.0	-2825.0
159	610	-1537	I9	-463.5	1080.9	-1642.2	-45.0	-2825.0
160	-27	-528	I9	-277.5	1027.5	-1596.1	-45.0	-2825.0
161	932	-1430	I9	-249.0	1074.6	-1694.3	-45.0	-2825.0
162	1873	-2724	I9	-425.5	1102.0	-1789.2	-45.0	-2825.0
163	1455	-2266	I9	-405.5	1037.4	-1733.3	-45.0	-2825.0
164	300	-1004	I9	-352.0	947.5	-1628.3	-45.0	-2825.0
165	406	-626	I9	-110.0	981.5	-1614.7	-45.0	-2825.0
166	1534	-1889	I9	-177.5	1070.7	-1701.2	-27.0	-2825.0
167	1917	-2746	I9	-414.5	1081.2	-1739.0	-27.0	-2825.0
168	924	-1924	I9	-500.0	992.4	-1667.4	-27.0	-2825.0
169	-106	-663	I9	-384.5	920.8	-1580.0	-106.0	-2825.0
170	555	-1007	I9	-226.0	979.0	-1627.9	-106.0	-2825.0
171	1665	-2230	I9	-282.5	1052.3	-1707.9	-106.0	-2825.0
172	1665	-2179	I9	-257.0	1031.5	-1653.4	-106.0	-2825.0
173	526	-937	I9	-205.5	938.6	-1520.5	-106.0	-2746.0
175	1122	-881	I9	120.5	1020.8	-1508.2	-106.0	-2746.0
176	1978	-1689	I9	144.5	1178.0	-1614.5	-106.0	-2746.0
177	1423	-765	I9	329.0	1166.9	-1502.1	-106.0	-2746.0
180	1842	-88	I9	877.0	1159.4	-1236.3	-106.0	-2746.0
181	2161	-456	I9	852.5	1283.1	-1089.5	-106.0	-2746.0
204	2010	-92	I9	959.0	1494.7	-1032.4	-106.0	-2746.0
213	1954	-206	I9	874.0	1634.6	-952.3	-106.0	-2746.0
218	1864	-468	I9	698.0	1654.5	-776.1	-106.0	-2746.0
222	1934	-1224	I9	355.0	1681.4	-680.6	-106.0	-2746.0
223	1441	-1042	I9	199.5	1772.9	-691.1	-106.0	-2746.0
226	1570	-1122	I9	224.0	1817.7	-715.2	-106.0	-2746.0
227	2017	-2285	I9	-134.0	1821.6	-774.8	-106.0	-2746.0
228	928	-1664	I9	-368.0	1772.1	-864.7	-106.0	-2746.0
229	-182	-444	I9	-313.0	1569.7	-900.3	-182.0	-2285.0
230	528	-904	I9	-188.0	1406.4	-945.1	-182.0	-2285.0
231	1713	-2328	I9	-307.5	1376.7	-1168.7	-182.0	-2328.0
232	1656	-2398	I9	-371.0	1346.9	-1387.9	-182.0	-2398.0
233	449	-1271	I9	-411.0	1205.4	-1468.2	-182.0	-2398.0
234	46	-473	I9	-213.5	1016.6	-1393.1	-182.0	-2398.0
235	1134	-1632	I9	-249.0	985.9	-1452.1	-182.0	-2398.0
236	1870	-2821	I9	-475.5	1015.9	-1622.0	-182.0	-2821.0
237	1237	-2269	I9	-516.0	937.9	-1620.4	-182.0	-2821.0
238	54	-970	I9	-458.0	850.5	-1551.0	-182.0	-2821.0
239	477	-813	I9	-168.0	916.4	-1587.9	-182.0	-2821.0
240	1715	-2170	I9	-227.5	1035.1	-1714.5	-182.0	-2821.0
241	1921	-2739	I9	-409.0	1055.9	-1755.6	-182.0	-2821.0
242	719	-1740	I9	-510.5	962.2	-1689.8	-182.0	-2821.0
243	-192	-437	I9	-314.5	898.1	-1606.4	-192.0	-2821.0
244	657	-1065	I9	-204.0	959.2	-1665.6	-192.0	-2821.0
245	1783	-2400	I9	-308.5	1024.1	-1742.4	-192.0	-2821.0
246	1589	-2246	I9	-328.5	996.0	-1684.9	-192.0	-2821.0
247	347	-978	I9	-315.5	907.0	-1555.8	-192.0	-2821.0
248	144	-315	I9	-85.5	916.0	-1490.3	-192.0	-2821.0
249	1294	-1619	I9	-162.5	997.7	-1570.9	-192.0	-2821.0
250	1896	-2739	I9	-421.5	1015.8	-1627.8	-192.0	-2821.0
251	1093	-2076	I9	-491.5	933.0	-1561.5	-192.0	-2821.0
252	-37	-792	I9	-414.5	857.4	-1466.7	-192.0	-2821.0
253	500	-923	I9	-211.5	926.6	-1515.3	-192.0	-2821.0
254	1716	-2267	I9	-275.5	1032.5	-1635.5	-192.0	-2821.0
255	1784	-2677	I9	-446.5	1032.6	-1663.2	-192.0	-2821.0
256	605	-1628	I9	-511.5	934.2	-1601.4	-192.0	-2739.0
257	-98	-517	I9	-307.5	889.7	-1555.3	-192.0	-2739.0
258	847	-1301	I9	-227.0	960.0	-1653.9	-192.0	-2739.0
259	1898	-2619	I9	-360.5	1020.4	-1753.9	-192.0	-2739.0
260	1574	-2286	I9	-356.0	988.2	-1708.6	-192.0	-2739.0
261	418	-1027	I9	-304.5	920.7	-1603.7	-192.0	-2739.0
262	405	-537	I9	-66.0	964.9	-1578.2	-192.0	-2739.0
263	1535	-1814	I9	-139.5	1068.4	-1667.3	-98.0	-2739.0
264	1996	-2822	I9	-413.0	1096.4	-1722.8	-98.0	-2822.0
265	1093	-2065	I9	-486.0	1027.3	-1661.6	-98.0	-2822.0
266	-1	-819	I9	-410.0	966.7	-1580.7	-98.0	-2822.0
267	601	-1076	I9	-237.5	1036.6	-1636.6	-98.0	-2822.0
268	1760	-2377	I9	-308.5	1127.9	-1744.2	-98.0	-2822.0
269	1760	-2625	I9	-432.5	1114.1	-1744.8	-98.0	-2822.0
270	605	-1549	I9	-472.0	1017.2	-1671.1	-98.0	-2822.0
271	-5	-562	I9	-283.5	974.9	-1624.6	-98.0	-2822.0
272	1011	-1482	I9	-235.5	1035.5	-1719.1	-98.0	-2822.0
273	1955	-2782	I9	-413.5	1077.5	-1815.9	-98.0	-2822.0
274	1528	-2318	I9	-395.0	1030.7	-1765.5	-98.0	-2822.0
275	374	-1063	I9	-344.5	958.8	-1665.3	-98.0	-2822.0
276	497	-669	I9	-86.0	1008.6	-1650.3	-98.0	-2822.0
277	1627	-1929	I9	-151.0	1111.2	-1735.6	-5.0	-2822.0
278	1998	-2798	I9	-400.0	1135.0	-1777.7	-5.0	-2822.0
279	993	-1981	I9	-494.0	1058.3	-1713.3	-5.0	-2822.0
280	-37	-717	I9	-377.0	994.1	-1630.1	-37.0	-2822.0
281	639	-1070	I9	-215.5	1058.5	-1680.9	-37.0	-2822.0
282	1730	-2338	I9	-304.0	1130.4	-1766.5	-37.0	-2822.0
283	1730	-2465	I9	-367.5	1107.9	-1734.8	-37.0	-2822.0
284	569	-1351	I9	-391.0	1012.0	-1638.1	-37.0	-2798.0
285	72	-460	I9	-194.0	981.8	-1577.8	-37.0	-2798.0
286	1103	-1473	I9	-185.0	1042.4	-1658.2	-37.0	-2798.0
287	1947	-2730	I9	-391.5	1074.4	-1738.3	-37.0	-2798.0
288	1431	-2230	I9	-399.5	1017.7	-1681.5	-37.0	-2798.0
289	286	-948	I9	-331.0	947.0	-1578.2	-37.0	-2798.0
290	532	-683	I9	-75.5	1003.9	-1574.8	-37.0	-2798.0
291	1693	-1983	I9	-145.0	1109.3	-1666.1	-37.0	-2798.0
292	1988	-2718	I9	-365.0	1135.1	-1704.1	-37.0	-2798.0
293	882	-1811	I9	-464.5	1050.3	-1638.7	-37.0	-2798.0
294	-120	-544	I9	-332.0	981.4	-1558.0	-120.0	-2798.0
295	642	-1014	I9	-186.0	1038.4	-1613.4	-120.0	-2798.0
296	1755	-2327	I9	-286.0	1103.6	-1698.8	-120.0	-2798.0
297	1710	-2318	I9	-304.0	1079.9	-1657.6	-120.0	-2798.0
298	527	-1150	I9	-311.5	989.5	-1549.6	-120.0	-2730.0
299	184	-380	I9	-98.0	979.3	-1492.8	-120.0	-2730.0
300	1246	-1522	I9	-138.0	1050.7	-1576.7	-120.0	-2730.0
301	1979	-2658	I9	-339.5	1079.3	-1644.2	-120.0	-2730.0
302	1361	-1973	I9	-306.0	1016.6	-1569.7	-120.0	-2730.0
303	255	-617	I9	-181.0	953.9	-1450.3	-120.0	-2730.0
304	675	-481	I9	97.0	1033.4	-1444.0	-120.0	-2730.0
305	1815	-1454	I9	180.5	1150.7	-1488.0	-120.0	-2730.0
306	2017	-1636	I9	190.5	1176.9	-1418.9	-120.0	-2730.0
307	867	-395	I9	236.0	1092.6	-1226.6	-120.0	-2718.0
310	2003	-478	I9	762.5	1240.2	-1159.4	-120.0	-2718.0
315	2164	-157	I9	1003.5	1438.2	-1137.1	-120.0	-2718.0
324	2059	-463	I9	798.0	1519.5	-1031.2	-120.0	-2718.0
328	1710	-143	I9	783.5	1492.6	-779.7	-120.0	-2718.0
329	2083	-1232	I9	425.5	1564.8	-705.6	-120.0	-2658.0
330	823	-542	I9	140.5	1621.6	-698.1	-120.0	-2658.0
333	2003	-1678	I9	162.5	1754.4	-817.8	184.0	-2658.0
334	1728	-1776	I9	-24.0	1745.7	-850.0	184.0	-2658.0
335	425	-661	I9	-118.0	1586.5	-752.5	184.0	-2658.0
336	271	-105	I9	83.0	1526.9	-723.5	184.0	-2658.0
337	1493	-1508	I9	-7.5	1475.9	-826.5	184.0	-2658.0
338	2114	-2762	I9	-324.0	1470.9	-1087.0	255.0	-2762.0
339	1221	-2077	I9	-428.0	1387.1	-1248.4	255.0	-2762.0
340	53	-726	I9	-336.5	1221.4	-1306.7	53.0	-2762.0
341	644	-986	I9	-171.0	1077.5	-1282.1	53.0	-2762.0
342	1899	-2431	I9	-266.0	1185.1	-1471.0	53.0	-2762.0
343	1908	-2703	I9	-397.5	1175.6	-1573.5	53.0	-2762.0
344	676	-1587	I9	-455.5	1070.4	-1554.6	53.0	-2762.0
345	43	-547	I9	-252.0	1032.2	-1543.2	43.0	-2762.0
346	1064	-1502	I9	-219.0	1111.5	-1682.9	43.0	-2762.0
347	2010	-2828	I9	-409.0	1163.2	-1814.9	43.0	-2828.0
348	1558	-2370	I9	-406.0	1107.6	-1775.7	43.0	-2828.0
349	348	-1065	I9	-358.5	1020.3	-1674.5	43.0	-2828.0
350	450	-668	I9	-109.0	1060.0	-1668.7	43.0	-2828.0
351	1637	-1978	I9	-170.5	1159.3	-1767.9	43.0	-2828.0
352	1999	-2806	I9	-403.5	1169.3	-1805.4	43.0	-2828.0
353	958	-1950	I9	-496.0	1074.3	-1730.1	43.0	-2828.0
354	-86	-657	I9	-371.5	998.1	-1637.1	-86.0	-2828.0
355	632	-1072	I9	-220.0	1057.0	-1689.6	-86.0	-2828.0
356	1761	-2385	I9	-312.0	1126.7	-1777.9	-86.0	-2828.0
357	1761	-2462	I9	-350.5	1101.8	-1741.3	-86.0	-2828.0
358	567	-1287	I9	-360.0	1002.7	-1633.0	-86.0	-2828.0
359	137	-431	I9	-147.0	981.6	-1569.6	-86.0	-2828.0
360	1219	-1521	I9	-151.0	1058.5	-1654.9	-86.0	-2828.0
361	2018	-2766	I9	-374.0	1096.6	-1733.7	-86.0	-2828.0
362	1445	-2241	I9	-398.0	1041.2	-1677.2	-86.0	-2828.0
363	288	-951	I9	-331.5	974.2	-1577.3	-86.0	-2828.0
364	616	-743	I9	-63.5	1044.4	-1585.9	-86.0	-2828.0
365	1802	-2071	I9	-134.5	1161.4	-1685.8	-86.0	-2828.0
366	2036	-2719	I9	-341.5	1188.9	-1719.2	-86.0	-2828.0
367	873	-1767	I9	-447.0	1100.1	-1649.7	-86.0	-2806.0
368	-76	-492	I9	-284.0	1035.8	-1570.2	-86.0	-2806.0
369	749	-1052	I9	-151.5	1097.0	-1632.3	-86.0	-2806.0
370	1876	-2383	I9	-253.5	1162.7	-1718.5	-86.0	-2806.0
371	1730	-2294	I9	-282.0	1133.9	-1671.3	-86.0	-2806.0
372	528	-1058	I9	-265.0	1042.2	-1553.0	-86.0	-2766.0
373	240	-348	I9	-54.0	1037.4	-1492.7	-86.0	-2766.0
374	1353	-1581	I9	-114.0	1111.1	-1576.5	-76.0	-2766.0
375	2007	-2732	I9	-362.5	1131.6	-1642.6	-76.0	-2766.0
376	1290	-2126	I9	-418.0	1057.0	-1583.3	-76.0	-2766.0
377	141	-833	I9	-346.0	983.8	-1489.9	-76.0	-2766.0
378	641	-827	I9	-93.0	1055.5	-1523.4	-76.0	-2766.0
379	1807	-2155	I9	-174.0	1161.3	-1633.7	-76.0	-2766.0
380	1924	-2647	I9	-361.5	1166.1	-1660.1	-76.0	-2766.0
381	765	-1631	I9	-433.0	1069.6	-1593.8	-76.0	-2732.0
382	-33	-450	I9	-241.5	1013.5	-1533.0	-76.0	-2732.0
383	878	-1169	I9	-145.5	1077.3	-1615.1	-76.0	-2732.0
384	1987	-2507	I9	-260.0	1140.7	-1707.7	-76.0	-2732.0
385	1720	-2250	I9	-265.0	1112.0	-1659.5	-76.0	-2732.0
386	533	-983	I9	-225.0	1036.3	-1545.2	-76.0	-2732.0
387	448	-421	I9	13.5	1067.0	-1504.0	-76.0	-2732.0
388	1588	-1759	I9	-85.5	1161.7	-1597.2	-33.0	-2732.0
389	2128	-2853	I9	-362.5	1193.8	-1667.0	-33.0	-2853.0
390	1246	-2094	I9	-424.0	1126.0	-1611.7	-33.0	-2853.0
391	105	-779	I9	-337.0	1060.0	-1526.5	-33.0	-2853.0
392	697	-995	I9	-149.0	1133.0	-1581.0	-33.0	-2853.0
393	1884	-2355	I9	-235.5	1233.6	-1699.6	-33.0	-2853.0
394	1885	-2663	I9	-389.0	1223.4	-1715.2	-33.0	-2853.0
395	673	-1546	I9	-436.5	1118.7	-1644.8	-33.0	-2853.0
396	27	-504	I9	-238.5	1068.1	-1596.9	-33.0	-2853.0
397	1034	-1433	I9	-199.5	1126.7	-1698.1	-33.0	-2853.0
398	1989	-2767	I9	-389.0	1166.8	-1798.9	-33.0	-2853.0
399	1571	-2313	I9	-371.0	1111.1	-1744.9	-33.0	-2853.0
400	377	-1023	I9	-323.0	1024.2	-1637.8	-33.0	-2853.0
401	486	-629	I9	-71.5	1062.3	-1622.8	-33.0	-2853.0
402	1652	-1956	I9	-152.0	1157.8	-1718.9	27.0	-2853.0
403	2038	-2834	I9	-398.0	1173.2	-1766.8	27.0	-2853.0
404	1010	-1979	I9	-484.5	1085.7	-1698.4	27.0	-2853.0
405	-35	-702	I9	-368.5	1014.9	-1614.0	-35.0	-2853.0
406	651	-1080	I9	-214.5	1077.3	-1671.6	-35.0	-2853.0
407	1781	-2384	I9	-301.5	1152.0	-1766.7	-35.0	-2853.0
408	1781	-2489	I9	-354.0	1131.2	-1738.9	-35.0	-2853.0
409	586	-1325	I9	-369.5	1032.7	-1640.1	-35.0	-2834.0
410	118	-461	I9	-171.5	1006.8	-1583.9	-35.0	-2834.0
411	1171	-1499	I9	-164.0	1075.3	-1670.9	-35.0	-2834.0
412	1988	-2752	I9	-382.0	1108.9	-1750.5	-35.0	-2834.0
413	1455	-2242	I9	-393.5	1050.6	-1691.3	-35.0	-2834.0
414	305	-961	I9	-328.0	980.1	-1589.5	-35.0	-2834.0
415	598	-718	I9	-60.0	1043.4	-1591.1	-35.0	-2834.0
416	1765	-2031	I9	-133.0	1154.8	-1686.2	-35.0	-2834.0
417	2026	-2727	I9	-350.5	1179.3	-1720.5	-35.0	-2834.0
418	881	-1784	I9	-451.5	1089.3	-1650.0	-35.0	-2834.0
419	-110	-513	I9	-311.5	1019.7	-1568.8	-110.0	-2834.0
420	672	-1031	I9	-179.5	1075.1	-1625.8	-110.0	-2834.0
421	1796	-2374	I9	-289.0	1137.6	-1713.3	-110.0	-2834.0
422	1701	-2324	I9	-311.5	1108.9	-1670.5	-110.0	-2834.0
423	485	-1098	I9	-306.5	1011.9	-1556.1	-110.0	-2752.0
424	165	-355	I9	-95.0	997.9	-1495.5	-110.0	-2752.0
425	1260	-1550	I9	-145.0	1064.1	-1578.7	-110.0	-2752.0
426	1956	-2737	I9	-390.5	1083.2	-1649.3	-110.0	-2752.0
427	1255	-2138	I9	-441.5	1006.1	-1590.4	-110.0	-2752.0
428	116	-853	I9	-368.5	929.6	-1497.3	-110.0	-2752.0
429	571	-778	I9	-103.5	997.7	-1523.8	-110.0	-2752.0
430	1770	-2112	I9	-171.0	1107.5	-1631.9	-110.0	-2752.0
431	1929	-2653	I9	-362.0	1120.8	-1659.8	-110.0	-2752.0
432	747	-1648	I9	-450.5	1025.4	-1592.2	-110.0	-2737.0
433	-90	-426	I9	-258.0	967.9	-1525.0	-110.0	-2737.0
434	792	-1115	I9	-161.5	1030.6	-1601.0	-110.0	-2737.0
435	1904	-2449	I9	-272.5	1095.0	-1690.9	-110.0	-2737.0
436	1679	-2239	I9	-280.0	1067.3	-1641.1	-110.0	-2737.0
437	501	-984	I9	-241.5	991.9	-1525.7	-110.0	-2737.0
438	367	-386	I9	-9.5	1017.0	-1479.0	-110.0	-2737.0
439	1512	-1699	I9	-93.5	1111.1	-1571.1	-90.0	-2737.0
440	2075	-2811	I9	-368.0	1141.6	-1641.0	-90.0	-2811.0
441	1261	-2107	I9	-423.0	1074.8	-1586.4	-90.0	-2811.0
442	137	-829	I9	-346.0	1013.8	-1504.5	-90.0	-2811.0
443	674	-977	I9	-151.5	1090.2	-1559.6	-90.0	-2811.0
444	1858	-2291	I9	-216.5	1196.8	-1677.2	-90.0	-2811.0
445	1884	-2662	I9	-389.0	1194.8	-1698.5	-90.0	-2811.0
446	727	-1608	I9	-440.5	1099.6	-1635.4	-90.0	-2811.0
447	33	-532	I9	-249.5	1052.8	-1590.2	-90.0	-2811.0
448	980	-1360	I9	-190.0	1114.1	-1687.6	-90.0	-2811.0
449	1985	-2693	I9	-354.0	1161.4	-1787.0	-90.0	-2811.0
450	1619	-2297	I9	-339.0	1115.8	-1735.6	-90.0	-2811.0
451	425	-1008	I9	-291.5	1032.2	-1625.7	-90.0	-2811.0
452	465	-545	I9	-40.0	1065.0	-1597.3	-90.0	-2811.0
453	1638	-1872	I9	-117.0	1161.4	-1686.8	33.0	-2811.0
454	2068	-2841	I9	-386.5	1182.4	-1741.8	33.0	-2841.0
455	1117	-2027	I9	-455.0	1105.7	-1678.3	33.0	-2841.0
456	0	-718	I9	-359.0	1033.0	-1589.3	0.0	-2841.0
457	693	-1065	I9	-186.0	1099.0	-1642.6	0.0	-2841.0
458	1866	-2422	I9	-278.0	1187.6	-1748.8	0.0	-2841.0
459	1866	-2598	I9	-366.0	1175.7	-1739.3	0.0	-2841.0
460	674	-1442	I9	-384.0	1081.2	-1653.8	0.0	-2841.0
461	134	-513	I9	-189.5	1052.1	-1604.3	0.0	-2841.0
462	1179	-1522	I9	-171.5	1123.5	-1702.0	0.0	-2841.0
463	2056	-2817	I9	-380.5	1165.3	-1796.5	0.0	-2841.0
464	1547	-2305	I9	-379.0	1113.2	-1742.9	0.0	-2841.0
465	358	-1000	I9	-321.0	1037.3	-1640.2	0.0	-2841.0
466	581	-696	I9	-57.5	1095.4	-1638.0	0.0	-2841.0
467	1714	-1991	I9	-138.5	1197.5	-1730.6	0.0	-2841.0
468	2012	-2733	I9	-360.5	1212.1	-1761.7	0.0	-2841.0
469	925	-1836	I9	-455.5	1118.0	-1685.5	0.0	-2841.0
470	-111	-564	I9	-337.5	1039.5	-1597.7	-111.0	-2841.0
471	636	-1029	I9	-196.5	1089.7	-1649.3	-111.0	-2841.0
472	1757	-2333	I9	-288.0	1147.5	-1730.4	-111.0	-2841.0
473	1714	-2303	I9	-294.5	1113.3	-1679.0	-111.0	-2841.0
474	552	-1067	I9	-257.5	1013.8	-1555.2	-111.0	-2817.0
475	221	-287	I9	-33.0	1000.1	-1483.9	-111.0	-2817.0
476	1250	-1184	I9	33.0	1067.0	-1532.7	-111.0	-2817.0
477	1997	-1943	I9	27.0	1095.3	-1527.9	-111.0	-2817.0
478	1395	-1040	I9	177.5	1033.6	-1358.6	-111.0	-2817.0
481	1862	-482	I9	690.0	1127.3	-1223.2	-111.0	-2817.0
482	2058	-664	I9	697.0	1344.2	-1233.2	-111.0	-2817.0
491	2114	-97	I9	1008.5	1492.0	-1140.0	-111.0	-2817.0
505	2102	-105	I9	998.5	1526.5	-917.2	-111.0	-2817.0
523	2027	-249	I9	889.0	1557.8	-711.8	-111.0	-2733.0
528	2068	-687	I9	690.5	1709.4	-673.8	-111.0	-2733.0
532	1945	-873	I9	536.0	1881.8	-732.4	-111.0	-2733.0
533	1706	-1033	I9	336.5	1927.4	-717.3	-111.0	-2733.0
536	1444	-732	I9	356.0	1872.1	-596.2	-111.0	-2733.0
537	2137	-2120	I9	8.5	1946.3	-704.2	-111.0	-2333.0
538	1259	-1541	I9	-141.0	1886.0	-810.1	-111.0	-2333.0
539	56	-287	I9	-115.5	1685.8	-772.4	56.0	-2333.0
540	626	-519	I9	53.5	1537.0	-814.6	56.0	-2333.0
541	1906	-2043	I9	-68.5	1517.4	-1008.4	56.0	-2303.0
542	1976	-2483	I9	-253.5	1512.3	-1231.8	56.0	-2483.0
543	717	-1421	I9	-352.0	1377.2	-1305.2	56.0	-2483.0
544	9	-389	I9	-190.0	1183.6	-1256.8	9.0	-2483.0
545	1040	-1346	I9	-153.0	1117.0	-1288.1	9.0	-2483.0
546	2021	-2732	I9	-355.5	1174.7	-1488.1	9.0	-2732.0
547	1562	-2317	I9	-377.5	1117.2	-1507.8	9.0	-2732.0
548	359	-1050	I9	-345.5	1027.2	-1458.7	9.0	-2732.0
549	450	-643	I9	-96.5	1066.6	-1494.3	9.0	-2732.0
550	1619	-1971	I9	-176.0	1165.9	-1639.5	9.0	-2732.0
551	2001	-2821	I9	-410.0	1175.4	-1717.3	9.0	-2821.0
552	988	-1982	I9	-497.0	1076.6	-1667.2	9.0	-2821.0
553	-68	-691	I9	-379.5	998.1	-1594.2	-68.0	-2821.0
554	624	-1088	I9	-232.0	1059.6	-1664.1	-68.0	-2821.0
555	1736	-2378	I9	-321.0	1129.2	-1767.3	-68.0	-2821.0
556	1736	-2459	I9	-361.5	1100.7	-1740.0	-68.0	-2821.0
557	554	-1315	I9	-380.5	999.9	-1639.8	-68.0	-2821.0
558	92	-464	I9	-186.0	973.2	-1581.2	-68.0	-2821.0
559	1149	-1532	I9	-191.5	1043.1	-1670.1	-68.0	-2821.0
560	1973	-2780	I9	-403.5	1078.5	-1751.0	-68.0	-2821.0
561	1407	-2260	I9	-426.5	1019.1	-1694.9	-68.0	-2821.0
562	240	-968	I9	-364.0	944.3	-1593.5	-68.0	-2821.0
563	557	-740	I9	-91.5	1006.8	-1598.4	-68.0	-2821.0
564	1742	-2056	I9	-157.0	1118.6	-1695.2	-68.0	-2821.0
565	1992	-2731	I9	-369.5	1144.2	-1730.5	-68.0	-2821.0
566	845	-1800	I9	-477.5	1055.1	-1664.6	-68.0	-2821.0
567	-128	-522	I9	-325.0	986.9	-1585.3	-128.0	-2821.0
568	674	-1053	I9	-189.5	1045.1	-1644.2	-128.0	-2821.0
569	1791	-2377	I9	-293.0	1109.3	-1728.7	-128.0	-2821.0
570	1670	-2308	I9	-319.0	1079.0	-1681.5	-128.0	-2821.0
571	486	-1088	I9	-301.0	986.9	-1564.3	-128.0	-2780.0
572	193	-364	I9	-85.5	982.2	-1503.9	-128.0	-2780.0
573	1287	-1577	I9	-145.0	1055.2	-1587.6	-128.0	-2780.0
574	1969	-2745	I9	-388.0	1077.9	-1656.5	-128.0	-2780.0
575	1282	-2148	I9	-433.0	1006.9	-1598.2	-128.0	-2780.0
576	122	-848	I9	-363.0	934.6	-1503.0	-128.0	-2780.0
577	590	-796	I9	-103.0	1006.4	-1530.4	-128.0	-2780.0
578	1787	-2134	I9	-173.5	1117.7	-1638.5	-128.0	-2780.0
579	1932	-2656	I9	-362.0	1131.8	-1666.4	-128.0	-2780.0
580	747	-1636	I9	-444.5	1039.5	-1599.2	-128.0	-2745.0
581	-96	-425	I9	-260.5	981.3	-1532.9	-128.0	-2745.0
582	786	-1109	I9	-161.5	1040.6	-1607.4	-128.0	-2745.0
583	1901	-2440	I9	-269.5	1102.0	-1693.7	-128.0	-2745.0
584	1644	-2208	I9	-282.0	1069.5	-1640.0	-128.0	-2745.0
585	431	-935	I9	-252.0	984.4	-1518.7	-128.0	-2745.0
586	331	-355	I9	-12.0	1005.3	-1469.4	-128.0	-2745.0
587	1493	-1678	I9	-92.5	1095.6	-1557.6	-96.0	-2745.0
588	2037	-2784	I9	-373.5	1120.6	-1622.6	-96.0	-2784.0
589	1169	-2058	I9	-444.5	1044.3	-1562.8	-96.0	-2784.0
590	65	-775	I9	-355.0	976.1	-1476.7	-96.0	-2784.0
591	641	-976	I9	-167.5	1049.8	-1531.8	-96.0	-2784.0
592	1837	-2345	I9	-254.0	1154.9	-1655.4	-96.0	-2784.0
593	1868	-2689	I9	-410.5	1151.6	-1680.3	-96.0	-2784.0
594	667	-1580	I9	-456.5	1053.9	-1617.5	-96.0	-2784.0
595	6	-528	I9	-261.0	1011.4	-1576.8	-96.0	-2784.0
596	1030	-1447	I9	-208.5	1081.3	-1686.0	-96.0	-2784.0
597	2015	-2815	I9	-400.0	1133.5	-1799.7	-96.0	-2815.0
598	1588	-2360	I9	-386.0	1088.6	-1757.3	-96.0	-2815.0
599	384	-1035	I9	-325.5	1010.1	-1655.0	-96.0	-2815.0
600	477	-600	I9	-61.5	1051.3	-1637.5	-96.0	-2815.0
601	1664	-1935	I9	-135.5	1153.6	-1733.4	6.0	-2815.0
602	2058	-2840	I9	-391.0	1175.7	-1782.9	6.0	-2840.0
603	1041	-1970	I9	-464.5	1093.0	-1711.0	6.0	-2840.0
604	-19	-687	I9	-353.0	1024.4	-1621.7	-19.0	-2840.0
605	667	-1049	I9	-191.0	1090.5	-1673.8	-19.0	-2840.0
606	1763	-2343	I9	-290.0	1163.8	-1763.4	-19.0	-2840.0
607	1763	-2451	I9	-344.0	1138.6	-1727.0	-19.0	-2840.0
608	597	-1313	I9	-358.0	1039.5	-1622.3	-19.0	-2840.0
609	122	-448	I9	-163.0	1013.3	-1563.6	-19.0	-2840.0
610	1125	-1464	I9	-169.5	1078.1	-1650.0	-19.0	-2840.0
611	1955	-2702	I9	-373.5	1107.2	-1726.7	-19.0	-2840.0
612	1442	-2206	I9	-382.0	1045.6	-1663.3	-19.0	-2840.0
613	309	-959	I9	-325.0	972.4	-1562.2	-19.0	-2840.0
614	557	-703	I9	-73.0	1030.0	-1563.8	-19.0	-2840.0
615	1708	-1993	I9	-142.5	1134.1	-1658.2	-19.0	-2840.0
616	1996	-2717	I9	-360.5	1157.4	-1695.6	-19.0	-2840.0
617	900	-1827	I9	-463.5	1071.1	-1633.2	-19.0	-2840.0
618	-102	-585	I9	-343.5	1001.2	-1560.4	-102.0	-2840.0
619	642	-1042	I9	-200.0	1053.2	-1619.8	-102.0	-2840.0
620	1740	-2335	I9	-297.5	1114.7	-1706.9	-102.0	-2840.0
621	1701	-2339	I9	-319.0	1089.3	-1670.6	-102.0	-2840.0
622	511	-1163	I9	-326.0	996.2	-1566.3	-102.0	-2717.0
623	158	-391	I9	-116.5	981.1	-1509.5	-102.0	-2717.0
624	1224	-1524	I9	-150.0	1047.8	-1591.6	-102.0	-2717.0
625	1948	-2707	I9	-379.5	1071.8	-1663.0	-102.0	-2717.0
626	1315	-2151	I9	-418.0	1003.7	-1606.4	-102.0	-2717.0
627	171	-871	I9	-350.0	930.8	-1510.8	-102.0	-2717.0
628	579	-731	I9	-76.0	998.9	-1525.4	-102.0	-2717.0
629	1750	-2054	I9	-152.0	1109.7	-1626.6	-102.0	-2717.0
630	1966	-2656	I9	-345.0	1132.3	-1658.7	-102.0	-2717.0
631	797	-1689	I9	-446.0	1041.9	-1593.7	-102.0	-2717.0
632	-108	-425	I9	-266.5	980.0	-1519.9	-108.0	-2717.0
633	706	-1002	I9	-148.0	1034.8	-1581.0	-108.0	-2717.0
634	1802	-2303	I9	-250.5	1092.6	-1658.9	-108.0	-2717.0
635	1646	-2182	I9	-268.0	1062.4	-1606.4	-108.0	-2717.0
636	493	-976	I9	-241.5	980.2	-1488.9	-108.0	-2707.0
637	255	-317	I9	-31.0	988.6	-1433.5	-108.0	-2707.0
638	1368	-1578	I9	-105.0	1067.5	-1518.2	-108.0	-2707.0
639	1999	-2703	I9	-352.0	1092.4	-1583.1	-108.0	-2707.0
640	1251	-2079	I9	-414.0	1020.9	-1525.4	-108.0	-2707.0
641	123	-806	I9	-341.5	953.5	-1437.1	-108.0	-2707.0
642	642	-864	I9	-111.0	1028.5	-1481.0	-108.0	-2707.0
643	1825	-2214	I9	-194.5	1140.4	-1602.2	-108.0	-2707.0
644	1933	-2672	I9	-369.5	1153.5	-1639.1	-108.0	-2707.0
645	762	-1598	I9	-418.0	1065.1	-1580.7	-108.0	-2703.0
646	-2	-424	I9	-213.0	1015.6	-1525.5	-108.0	-2703.0
647	914	-1026	I9	-56.0	1081.5	-1596.4	-108.0	-2703.0
648	1988	-1940	I9	24.0	1143.5	-1632.6	-108.0	-2703.0
649	1676	-1237	I9	219.5	1111.2	-1486.0	-108.0	-2703.0
652	1679	-291	I9	694.0	1154.0	-1307.2	-108.0	-2703.0
653	2183	-909	I9	637.0	1360.0	-1317.5	-108.0	-2703.0
662	2099	-132	I9	983.5	1505.7	-1244.3	-2.0	-2703.0
676	2126	-128	I9	999.0	1535.8	-1035.7	-2.0	-2703.0
699	2112	-186	I9	963.0	1553.7	-787.1	-2.0	-2703.0
704	1884	-196	I9	844.0	1665.9	-646.9	-2.0	-2703.0
708	2112	-949	I9	581.5	1877.3	-699.4	-2.0	-2703.0
709	1460	-638	I9	411.0	1931.9	-660.6	-2.0	-2703.0
712	1820	-930	I9	445.0	1915.1	-559.6	-2.0	-2703.0
713	2125	-1905	I9	110.0	1960.0	-626.4	-2.0	-2672.0
714	809	-1095	I9	-143.0	1873.0	-706.8	-2.0	-2672.0
716	783	-633	I9	75.0	1733.0	-679.2	-2.0	-2672.0
717	2026	-2232	I9	-103.0	1725.7	-889.2	-2.0	-2672.0
718	1731	-2145	I9	-207.0	1686.2	-1090.9	-2.0	-2672.0
719	437	-890	I9	-226.5	1518.7	-1161.3	-2.0	-2232.0
720	325	-302	I9	11.5	1362.8	-1171.9	-2.0	-2232.0
721	1540	-1698	I9	-79.0	1305.6	-1246.8	325.0	-2232.0
722	2081	-2815	I9	-367.0	1367.7	-1464.5	325.0	-2815.0
723	1166	-2067	I9	-450.5	1302.3	-1578.2	325.0	-2815.0
724	34	-747	I9	-356.5	1093.2	-1462.4	34.0	-2815.0
725	629	-1026	I9	-198.5	1075.2	-1455.5	34.0	-2815.0
726	1854	-2411	I9	-278.5	1182.3	-1633.3	34.0	-2815.0
727	1854	-2671	I9	-408.5	1165.1	-1677.2	34.0	-2815.0
728	649	-1562	I9	-456.5	1056.9	-1618.9	34.0	-2815.0
729	35	-554	I9	-259.5	1016.7	-1585.3	34.0	-2815.0
730	1042	-1503	I9	-230.5	1088.4	-1705.4	34.0	-2815.0
731	1974	-2818	I9	-422.0	1131.8	-1817.4	34.0	-2818.0
732	1504	-2336	I9	-416.0	1074.1	-1769.5	34.0	-2818.0
733	321	-1043	I9	-361.0	989.6	-1667.1	34.0	-2818.0
734	462	-674	I9	-106.0	1032.4	-1659.8	34.0	-2818.0
735	1640	-1980	I9	-170.0	1133.5	-1755.2	34.0	-2818.0
736	1992	-2805	I9	-406.5	1147.3	-1794.6	34.0	-2818.0
737	939	-1934	I9	-497.5	1055.8	-1720.9	34.0	-2818.0
738	-124	-618	I9	-371.0	978.5	-1626.5	-124.0	-2818.0
739	569	-1020	I9	-225.5	1031.9	-1673.1	-124.0	-2818.0
740	1688	-2331	I9	-321.5	1096.5	-1755.9	-124.0	-2818.0
741	1688	-2409	I9	-360.5	1067.9	-1715.0	-124.0	-2818.0
742	515	-1262	I9	-373.5	969.0	-1607.6	-124.0	-2818.0
743	72	-424	I9	-176.0	944.1	-1545.7	-124.0	-2818.0
744	1134	-1504	I9	-185.0	1011.3	-1628.7	-124.0	-2818.0
745	1930	-2736	I9	-403.0	1040.3	-1704.3	-124.0	-2818.0
746	1349	-2206	I9	-428.5	976.0	-1644.4	-124.0	-2818.0
747	190	-915	I9	-362.5	901.1	-1542.5	-124.0	-2818.0
748	530	-729	I9	-99.5	966.5	-1553.6	-124.0	-2818.0
749	1742	-2065	I9	-161.5	1083.8	-1658.1	-124.0	-2818.0
750	1998	-2726	I9	-364.0	1114.8	-1697.6	-124.0	-2818.0
751	819	-1754	I9	-467.5	1027.9	-1632.1	-124.0	-2805.0
752	-153	-445	I9	-299.0	961.1	-1550.4	-153.0	-2805.0
753	670	-998	I9	-164.0	1020.9	-1607.8	-153.0	-2805.0
754	1817	-2351	I9	-267.0	1089.2	-1692.5	-153.0	-2805.0
755	1661	-2250	I9	-294.5	1062.3	-1643.9	-153.0	-2805.0
756	459	-1010	I9	-275.5	973.3	-1524.3	-153.0	-2736.0
757	205	-313	I9	-54.0	974.8	-1464.1	-153.0	-2736.0
758	1320	-1563	I9	-121.5	1053.8	-1547.5	-153.0	-2736.0
759	1974	-2727	I9	-376.5	1077.0	-1613.7	-153.0	-2736.0
760	1247	-2098	I9	-425.5	1001.9	-1550.9	-153.0	-2736.0
761	84	-801	I9	-358.5	928.4	-1455.6	-153.0	-2736.0
762	589	-844	I9	-127.5	1002.6	-1495.5	-153.0	-2736.0
763	1813	-2221	I9	-204.0	1116.9	-1617.8	-153.0	-2736.0
764	1917	-2703	I9	-393.0	1126.9	-1653.0	-153.0	-2736.0
765	707	-1650	I9	-471.5	1031.5	-1593.0	-153.0	-2727.0
766	-93	-479	I9	-286.0	976.3	-1539.9	-153.0	-2727.0
767	822	-1222	I9	-200.0	1038.0	-1630.8	-153.0	-2727.0
768	1932	-2574	I9	-321.0	1099.2	-1731.9	-153.0	-2727.0
769	1647	-2293	I9	-323.0	1066.5	-1688.5	-153.0	-2727.0
770	418	-1008	I9	-295.0	983.6	-1579.5	-153.0	-2727.0
771	346	-462	I9	-58.0	1009.8	-1545.6	-153.0	-2727.0
772	1491	-1754	I9	-131.5	1100.0	-1636.6	-93.0	-2727.0
773	1983	-2808	I9	-412.5	1117.0	-1695.3	-93.0	-2808.0
774	1093	-2059	I9	-483.0	1034.6	-1630.9	-93.0	-2808.0
775	27	-791	I9	-382.0	966.6	-1545.0	-93.0	-2808.0
776	620	-1030	I9	-205.0	1037.9	-1600.1	-93.0	-2808.0
777	1784	-2369	I9	-292.5	1134.1	-1714.8	-93.0	-2808.0
778	1784	-2653	I9	-434.5	1119.3	-1722.7	-93.0	-2808.0
779	598	-1552	I9	-477.0	1014.4	-1648.6	-93.0	-2808.0
780	-17	-545	I9	-281.0	970.9	-1602.3	-93.0	-2808.0
781	990	-1447	I9	-228.5	1035.3	-1700.8	-93.0	-2808.0
782	1956	-2796	I9	-420.0	1081.8	-1805.0	-93.0	-2808.0
783	1524	-2328	I9	-402.0	1035.9	-1757.0	-93.0	-2808.0
784	326	-1016	I9	-345.0	959.2	-1652.7	-93.0	-2808.0
785	444	-620	I9	-88.0	1000.9	-1635.6	-93.0	-2808.0
786	1633	-1946	I9	-156.5	1102.2	-1727.2	-17.0	-2808.0
787	2018	-2824	I9	-403.0	1125.6	-1772.7	-17.0	-2824.0
788	982	-1954	I9	-486.0	1045.4	-1702.8	-17.0	-2824.0
789	-100	-648	I9	-374.0	975.6	-1612.4	-100.0	-2824.0
790	628	-1034	I9	-203.0	1040.1	-1661.3	-100.0	-2824.0
791	1776	-2374	I9	-299.0	1118.7	-1754.0	-100.0	-2824.0
792	1776	-2467	I9	-345.5	1100.7	-1721.1	-100.0	-2824.0
793	583	-1307	I9	-362.0	1006.6	-1619.0	-100.0	-2824.0
794	133	-454	I9	-160.5	987.3	-1562.8	-100.0	-2824.0
795	1187	-1526	I9	-169.5	1061.6	-1653.4	-100.0	-2824.0
796	1991	-2764	I9	-386.5	1097.4	-1735.2	-100.0	-2824.0
797	1411	-2226	I9	-407.5	1036.7	-1675.4	-100.0	-2824.0
798	256	-929	I9	-336.5	964.1	-1572.9	-100.0	-2824.0
799	576	-715	I9	-69.5	1031.7	-1579.6	-100.0	-2824.0
800	1740	-2059	I9	-159.5	1142.9	-1682.1	-100.0	-2824.0
801	1999	-2730	I9	-365.5	1165.2	-1717.7	-100.0	-2824.0
802	845	-1769	I9	-462.0	1072.1	-1647.9	-100.0	-2824.0
803	-132	-477	I9	-304.5	1000.6	-1564.9	-132.0	-2824.0
804	655	-1011	I9	-178.0	1052.8	-1620.6	-132.0	-2824.0
805	1760	-2327	I9	-283.5	1110.1	-1700.7	-132.0	-2824.0
806	1653	-2263	I9	-305.0	1076.3	-1650.6	-132.0	-2824.0
807	490	-1059	I9	-284.5	984.2	-1533.9	-132.0	-2764.0
808	199	-341	I9	-71.0	978.5	-1475.1	-132.0	-2764.0
809	1266	-1536	I9	-135.0	1047.5	-1557.2	-132.0	-2764.0
810	1944	-2668	I9	-362.0	1067.9	-1618.1	-132.0	-2764.0
811	1245	-2083	I9	-419.0	992.5	-1553.4	-132.0	-2764.0
812	113	-813	I9	-350.0	919.3	-1457.8	-132.0	-2764.0
813	600	-757	I9	-78.5	992.5	-1485.8	-132.0	-2764.0
814	1758	-1917	I9	-79.5	1102.8	-1576.4	-132.0	-2764.0
815	1913	-2121	I9	-104.0	1118.1	-1555.8	-132.0	-2764.0
816	784	-873	I9	-44.5	1031.2	-1416.8	-132.0	-2730.0
818	851	-163	I9	344.0	1067.3	-1327.2	-132.0	-2730.0
819	1978	-1085	I9	446.5	1245.2	-1401.6	-132.0	-2730.0
820	1696	-437	I9	629.5	1288.2	-1291.7	-132.0	-2730.0
824	2129	-279	I9	925.0	1306.7	-1052.8	-132.0	-2730.0
833	2062	-111	I9	975.5	1388.4	-855.6	-132.0	-2668.0
847	2048	-98	I9	975.0	1581.9	-784.1	-132.0	-2668.0
870	2075	-106	I9	984.5	1729.4	-719.0	113.0	-2668.0
884	2061	-101	I9	980.0	1759.7	-537.4	113.0	-2668.0
916	2041	-89	I9	976.0	1772.5	-334.2	113.0	-2668.0
925	2028	-182	I9	923.0	1896.9	-265.1	113.0	-2668.0
930	2086	-611	I9	737.5	2020.4	-309.9	113.0	-2668.0
934	1914	-732	I9	591.0	2014.0	-274.6	113.0	-2668.0
935	1738	-990	I9	374.0	2018.2	-329.9	113.0	-2668.0
938	1368	-584	I9	392.0	1942.1	-360.4	113.0	-2121.0
939	2104	-2007	I9	48.5	1946.3	-550.0	113.0	-2121.0
940	1278	-1511	I9	-116.5	1869.3	-691.3	600.0	-2121.0
941	33	-262	I9	-114.5	1665.1	-706.9	33.0	-2121.0
942	583	-445	I9	69.0	1517.3	-741.3	33.0	-2121.0
943	1898	-2006	I9	-54.0	1503.0	-933.0	33.0	-2007.0
944	2025	-2542	I9	-258.5	1502.7	-1169.0	33.0	-2542.0
945	742	-1466	I9	-362.0	1368.3	-1254.5	33.0	-2542.0
946	10	-368	I9	-179.0	1177.9	-1218.1	10.0	-2542.0
947	1001	-1265	I9	-132.0	1104.2	-1245.6	10.0	-2542.0
948	2036	-2659	I9	-311.5	1171.0	-1453.1	10.0	-2659.0
949	1617	-2296	I9	-339.5	1122.3	-1482.0	10.0	-2659.0
950	387	-1040	I9	-326.5	1033.2	-1434.9	10.0	-2659.0
951	428	-589	I9	-80.5	1072.7	-1467.6	10.0	-2659.0
952	1605	-1911	I9	-153.0	1174.9	-1614.2	10.0	-2659.0
953	2010	-2810	I9	-400.0	1186.1	-1694.6	10.0	-2810.0
954	1011	-1995	I9	-492.0	1084.7	-1639.9	10.0	-2810.0
955	-59	-716	I9	-387.5	1004.6	-1564.9	-59.0	-2810.0
956	605	-1088	I9	-241.5	1064.1	-1636.9	-59.0	-2810.0
957	1748	-2416	I9	-334.0	1138.8	-1752.0	-59.0	-2810.0
958	1748	-2554	I9	-403.0	1110.0	-1741.5	-59.0	-2810.0
959	550	-1407	I9	-428.5	1003.3	-1652.6	-59.0	-2810.0
960	65	-496	I9	-215.5	971.1	-1598.2	-59.0	-2810.0
961	1137	-1561	I9	-212.0	1042.0	-1695.4	-59.0	-2810.0
962	1980	-2825	I9	-422.5	1079.5	-1786.8	-59.0	-2825.0
963	1429	-2299	I9	-435.0	1021.4	-1735.7	-59.0	-2825.0
964	220	-997	I9	-388.5	942.3	-1635.9	-59.0	-2825.0
965	524	-729	I9	-102.5	1000.6	-1637.2	-59.0	-2825.0
966	1714	-2066	I9	-176.0	1111.5	-1735.0	-59.0	-2825.0
967	1988	-2759	I9	-385.5	1135.5	-1769.3	-59.0	-2825.0
968	846	-1823	I9	-488.5	1045.3	-1696.2	-59.0	-2825.0
969	-142	-521	I9	-331.5	976.1	-1607.6	-142.0	-2825.0
970	641	-1040	I9	-199.5	1033.7	-1662.0	-142.0	-2825.0
971	1757	-2350	I9	-296.5	1095.7	-1740.9	-142.0	-2825.0
972	1669	-2315	I9	-323.0	1064.6	-1689.9	-142.0	-2825.0
973	485	-1130	I9	-322.5	970.2	-1573.0	-142.0	-2825.0
974	203	-388	I9	-92.5	968.5	-1512.1	-142.0	-2825.0
975	1260	-1563	I9	-151.5	1042.1	-1595.5	-142.0	-2825.0
976	1954	-2715	I9	-380.5	1066.1	-1660.4	-142.0	-2825.0
977	1296	-2146	I9	-425.0	996.9	-1599.1	-142.0	-2825.0
978	167	-882	I9	-357.5	929.0	-1505.0	-142.0	-2825.0
979	609	-801	I9	-96.0	1004.1	-1533.0	-142.0	-2825.0
980	1770	-2107	I9	-168.5	1117.0	-1639.7	-142.0	-2825.0
981	1937	-2649	I9	-356.0	1135.0	-1669.6	-142.0	-2825.0
982	775	-1663	I9	-444.0	1045.6	-1604.4	-142.0	-2759.0
983	-93	-420	I9	-256.5	987.8	-1533.4	-142.0	-2759.0
984	759	-1058	I9	-149.5	1043.4	-1600.4	-142.0	-2759.0
985	1863	-2382	I9	-259.5	1103.7	-1682.3	-142.0	-2759.0
986	1660	-2206	I9	-273.0	1074.3	-1631.4	-142.0	-2759.0
987	465	-977	I9	-256.0	991.2	-1514.5	-142.0	-2715.0
988	285	-356	I9	-35.5	1003.0	-1461.9	-142.0	-2715.0
989	1411	-1656	I9	-122.5	1083.2	-1547.4	-93.0	-2715.0
990	2007	-2778	I9	-385.5	1106.9	-1614.5	-93.0	-2778.0
991	1211	-2098	I9	-443.5	1034.3	-1559.4	-93.0	-2778.0
992	91	-820	I9	-364.5	965.9	-1475.1	-93.0	-2778.0
993	643	-965	I9	-161.0	1039.5	-1529.6	-93.0	-2778.0
994	1834	-2327	I9	-246.5	1147.0	-1656.5	-93.0	-2778.0
995	1898	-2734	I9	-418.0	1150.5	-1691.7	-93.0	-2778.0
996	675	-1648	I9	-486.5	1052.0	-1635.9	-93.0	-2778.0
997	-42	-528	I9	-285.0	1001.3	-1591.0	-93.0	-2778.0
998	917	-1344	I9	-213.5	1064.5	-1689.8	-93.0	-2778.0
999	1955	-2696	I9	-370.5	1118.9	-1793.8	-93.0	-2778.0
1000	1589	-2320	I9	-365.5	1077.1	-1748.0	-93.0	-2778.0
1001	371	-1032	I9	-330.5	993.1	-1641.4	-93.0	-2778.0
1002	377	-538	I9	-80.5	1021.7	-1613.2	-93.0	-2778.0
1003	1536	-1847	I9	-155.5	1111.0	-1701.4	-42.0	-2778.0
1004	1981	-2838	I9	-428.5	1125.7	-1752.5	-42.0	-2838.0
1005	1036	-2036	I9	-500.0	1039.5	-1682.7	-42.0	-2838.0
1006	-33	-779	I9	-406.0	968.7	-1595.8	-42.0	-2838.0
1007	600	-1074	I9	-237.0	1032.9	-1650.4	-42.0	-2838.0
1008	1747	-2381	I9	-317.0	1115.9	-1754.1	-42.0	-2838.0
1009	1747	-2594	I9	-423.5	1095.1	-1743.9	-42.0	-2838.0
1010	588	-1502	I9	-457.0	995.0	-1662.1	-42.0	-2838.0
1011	36	-553	I9	-258.5	961.5	-1614.2	-42.0	-2838.0
1012	1030	-1512	I9	-241.0	1026.8	-1711.6	-42.0	-2838.0
1013	1923	-2801	I9	-439.0	1065.5	-1807.0	-42.0	-2838.0
1014	1470	-2312	I9	-421.0	1014.4	-1754.4	-42.0	-2838.0
1015	315	-1043	I9	-364.0	942.3	-1655.1	-42.0	-2838.0
1016	519	-701	I9	-91.0	997.5	-1647.3	-42.0	-2838.0
1017	1664	-1992	I9	-164.0	1103.9	-1739.1	-33.0	-2838.0
1018	2007	-2821	I9	-407.0	1129.9	-1783.1	-33.0	-2838.0
1019	977	-1953	I9	-488.0	1052.9	-1719.0	-33.0	-2838.0
1020	-68	-671	I9	-369.5	987.3	-1635.9	-68.0	-2838.0
1021	655	-1096	I9	-220.5	1049.2	-1690.2	-68.0	-2838.0
1022	1789	-2414	I9	-312.5	1125.1	-1780.4	-68.0	-2838.0
1023	1789	-2479	I9	-345.0	1111.7	-1748.2	-68.0	-2838.0
1024	597	-1320	I9	-361.5	1024.4	-1649.0	-68.0	-2821.0
1025	156	-485	I9	-164.5	1008.5	-1593.2	-68.0	-2821.0
1026	1182	-1567	I9	-192.5	1074.8	-1679.8	-68.0	-2821.0
1027	1975	-2798	I9	-411.5	1105.9	-1760.4	-68.0	-2821.0
1028	1405	-2271	I9	-433.0	1045.7	-1705.4	-68.0	-2821.0
1029	222	-1004	I9	-391.0	970.2	-1610.5	-68.0	-2821.0
1030	561	-805	I9	-122.0	1033.1	-1623.9	-68.0	-2821.0
1031	1712	-2089	I9	-188.5	1138.8	-1723.2	-68.0	-2821.0
1032	1948	-2741	I9	-396.5	1154.7	-1755.9	-68.0	-2821.0
1033	809	-1827	I9	-509.0	1056.7	-1690.7	-68.0	-2821.0
1034	-167	-575	I9	-371.0	980.3	-1616.2	-167.0	-2821.0
1035	608	-1082	I9	-237.0	1025.5	-1675.9	-167.0	-2821.0
1036	1708	-2376	I9	-334.0	1078.1	-1756.8	-167.0	-2821.0
1037	1623	-2311	I9	-344.0	1042.9	-1708.1	-167.0	-2821.0
1038	462	-1132	I9	-335.0	948.6	-1594.2	-167.0	-2798.0
1039	159	-399	I9	-120.0	942.3	-1533.7	-167.0	-2798.0
1040	1218	-1580	I9	-181.0	1008.0	-1611.2	-167.0	-2798.0
1041	1909	-2730	I9	-410.5	1027.7	-1675.3	-167.0	-2798.0
1042	1235	-2155	I9	-460.0	956.4	-1616.7	-167.0	-2798.0
1043	108	-892	I9	-392.0	886.3	-1523.2	-167.0	-2798.0
1044	555	-802	I9	-123.5	958.5	-1545.9	-167.0	-2798.0
1045	1730	-2119	I9	-194.5	1070.7	-1649.6	-167.0	-2798.0
1046	1897	-2661	I9	-382.0	1089.6	-1678.1	-167.0	-2798.0
1047	721	-1676	I9	-477.5	999.4	-1614.6	-167.0	-2741.0
1048	-143	-428	I9	-285.5	938.9	-1544.2	-167.0	-2741.0
1049	715	-1052	I9	-168.5	994.5	-1609.5	-167.0	-2741.0
1050	1814	-2363	I9	-274.5	1054.1	-1687.8	-167.0	-2741.0
1051	1626	-2190	I9	-282.0	1025.8	-1633.8	-167.0	-2741.0
1052	445	-957	I9	-256.0	946.8	-1514.0	-167.0	-2730.0
1053	255	-326	I9	-35.5	961.5	-1457.4	-167.0	-2730.0
1054	1378	-1623	I9	-122.5	1043.8	-1539.5	-143.0	-2730.0
1055	1967	-2743	I9	-388.0	1067.5	-1601.9	-143.0	-2743.0
1056	1172	-2066	I9	-447.0	995.0	-1542.4	-143.0	-2743.0
1057	48	-791	I9	-371.5	927.7	-1453.9	-143.0	-2743.0
1058	596	-946	I9	-175.0	1001.6	-1505.7	-143.0	-2743.0
1059	1801	-2331	I9	-265.0	1110.2	-1633.6	-143.0	-2743.0
1060	1875	-2737	I9	-431.0	1116.3	-1671.0	-143.0	-2743.0
1061	656	-1648	I9	-496.0	1019.3	-1616.8	-143.0	-2743.0
1062	-59	-527	I9	-293.0	968.9	-1573.8	-143.0	-2743.0
1063	917	-1367	I9	-225.0	1035.1	-1677.9	-143.0	-2743.0
1064	1969	-2740	I9	-385.5	1094.2	-1789.6	-143.0	-2743.0
1065	1593	-2356	I9	-381.5	1056.8	-1750.9	-143.0	-2743.0
1066	358	-1059	I9	-350.5	975.4	-1650.2	-143.0	-2743.0
1067	396	-568	I9	-86.0	1010.2	-1627.9	-143.0	-2743.0
1068	1558	-1883	I9	-162.5	1106.4	-1721.6	-59.0	-2743.0
1069	2009	-2845	I9	-418.0	1127.2	-1773.0	-59.0	-2845.0
1070	1039	-2038	I9	-499.5	1043.6	-1703.1	-59.0	-2845.0
1071	-36	-762	I9	-399.0	974.4	-1614.5	-59.0	-2845.0
1072	601	-1069	I9	-234.0	1040.4	-1668.7	-59.0	-2845.0
1073	1748	-2386	I9	-319.0	1123.5	-1770.6	-59.0	-2845.0
1074	1748	-2564	I9	-408.0	1101.4	-1753.0	-59.0	-2845.0
1075	583	-1458	I9	-437.5	1000.4	-1663.2	-59.0	-2845.0
1076	61	-515	I9	-227.0	970.7	-1608.8	-59.0	-2845.0
1077	1056	-1490	I9	-217.0	1036.7	-1701.0	-59.0	-2845.0
1078	1943	-2767	I9	-412.0	1075.2	-1789.4	-59.0	-2845.0
1079	1466	-2276	I9	-405.0	1020.9	-1732.5	-59.0	-2845.0
1080	310	-994	I9	-342.0	948.0	-1628.1	-59.0	-2845.0
1081	518	-672	I9	-77.0	1003.4	-1619.1	-59.0	-2845.0
1082	1652	-1805	I9	-76.5	1108.5	-1692.7	-36.0	-2845.0
1083	1983	-2218	I9	-117.5	1132.0	-1675.9	-36.0	-2845.0
1084	929	-1044	I9	-57.5	1050.1	-1523.9	-36.0	-2845.0
1087	1835	-909	I9	463.0	1175.3	-1469.0	-36.0	-2845.0
1088	1728	-493	I9	617.5	1342.0	-1466.8	-36.0	-2845.0
1092	2086	-175	I9	955.5	1445.0	-1335.3	-36.0	-2845.0
1106	2109	-154	I9	977.5	1461.6	-1074.0	-36.0	-2845.0
1124	2076	-211	I9	932.5	1522.6	-867.5	-36.0	-2767.0
1125	1656	-103	I9	776.5	1657.2	-778.4	-36.0	-2767.0
1129	2110	-1055	I9	527.5	1816.4	-816.7	61.0	-2767.0
1130	1107	-421	I9	343.0	1761.9	-678.3	61.0	-2767.0
1133	1872	-1191	I9	340.5	1750.8	-575.6	61.0	-2767.0
1134	1835	-1570	I9	132.5	1841.4	-628.2	61.0	-2767.0
1135	609	-557	I9	26.0	1718.8	-593.0	61.0	-2767.0
1137	1230	-906	I9	162.0	1669.0	-634.3	310.0	-2767.0
1138	2092	-2374	I9	-141.0	1669.6	-854.2	310.0	-2767.0
1139	1426	-1993	I9	-283.5	1601.3	-1038.1	310.0	-2374.0
1140	135	-746	I9	-305.5	1407.2	-1091.6	135.0	-2374.0
1141	503	-558	I9	-27.5	1291.9	-1137.1	135.0	-2374.0
1142	1761	-2008	I9	-123.5	1257.0	-1232.4	135.0	-2374.0
1143	1997	-2666	I9	-334.5	1346.0	-1456.9	135.0	-2666.0
1144	793	-1702	I9	-454.5	1238.1	-1508.0	135.0	-2666.0
1145	-163	-401	I9	-282.0	1038.3	-1391.1	-163.0	-2666.0
1146	674	-1026	I9	-176.0	1044.8	-1438.0	-163.0	-2666.0
1147	1801	-2356	I9	-277.5	1101.9	-1583.0	-163.0	-2666.0
1148	1630	-2209	I9	-289.5	1055.7	-1566.5	-163.0	-2666.0
1149	466	-1004	I9	-269.0	959.7	-1467.6	-163.0	-2666.0
1150	289	-371	I9	-41.0	975.1	-1430.1	-163.0	-2666.0
1151	1368	-1631	I9	-131.5	1061.6	-1537.4	-163.0	-2666.0
1152	1966	-2708	I9	-371.0	1082.1	-1607.4	-163.0	-2708.0
1153	1200	-2066	I9	-433.0	1002.4	-1547.4	-163.0	-2708.0
1154	97	-805	I9	-354.0	932.8	-1457.7	-163.0	-2708.0
1155	642	-925	I9	-141.5	1013.3	-1510.1	-163.0	-2708.0
1156	1841	-2261	I9	-210.0	1130.0	-1633.6	-163.0	-2708.0
1157	1917	-2691	I9	-387.0	1141.6	-1667.1	-163.0	-2708.0
1158	714	-1631	I9	-458.5	1050.0	-1609.3	-163.0	-2708.0
1159	-40	-486	I9	-263.0	999.4	-1557.5	-163.0	-2708.0
1160	928	-1281	I9	-176.5	1063.3	-1648.5	-163.0	-2708.0
1161	1998	-2651	I9	-326.5	1126.3	-1750.5	-163.0	-2708.0
1162	1668	-2339	I9	-335.5	1096.5	-1713.6	-163.0	-2708.0
1163	438	-1039	I9	-300.5	1020.3	-1610.9	-163.0	-2708.0
1164	415	-515	I9	-50.0	1052.1	-1581.9	-163.0	-2708.0
1165	1544	-1814	I9	-135.0	1142.3	-1670.8	-40.0	-2708.0
1166	2024	-2837	I9	-406.5	1160.6	-1728.4	-40.0	-2837.0
1167	1107	-2061	I9	-477.0	1079.6	-1665.4	-40.0	-2837.0
1168	27	-792	I9	-382.5	1010.9	-1581.5	-40.0	-2837.0
1169	638	-1060	I9	-211.0	1078.7	-1638.9	-40.0	-2837.0
1170	1781	-2369	I9	-294.0	1164.0	-1747.7	-40.0	-2837.0
1171	1781	-2605	I9	-412.0	1142.3	-1743.1	-40.0	-2837.0
1172	611	-1509	I9	-449.0	1036.6	-1660.1	-40.0	-2837.0
1173	40	-541	I9	-250.5	996.8	-1610.3	-40.0	-2837.0
1174	1021	-1480	I9	-229.5	1057.4	-1706.8	-40.0	-2837.0
1175	1951	-2791	I9	-420.0	1098.1	-1804.5	-40.0	-2837.0
1176	1519	-2323	I9	-402.0	1047.6	-1753.1	-40.0	-2837.0
1177	337	-1038	I9	-350.5	970.6	-1650.8	-40.0	-2837.0
1178	448	-675	I9	-113.5	1012.7	-1639.1	-40.0	-2837.0
1179	1602	-1944	I9	-171.0	1109.1	-1727.5	27.0	-2837.0
1180	1961	-2809	I9	-424.0	1127.1	-1771.5	27.0	-2837.0
1181	957	-1972	I9	-507.5	1044.7	-1708.2	27.0	-2837.0
1182	-93	-719	I9	-406.0	974.3	-1629.2	-93.0	-2837.0
1183	596	-1095	I9	-249.5	1029.9	-1684.6	-93.0	-2837.0
1184	1723	-2386	I9	-331.5	1100.1	-1775.2	-93.0	-2837.0
1185	1723	-2486	I9	-381.5	1077.3	-1744.7	-93.0	-2837.0
1186	531	-1356	I9	-412.5	978.5	-1648.0	-93.0	-2809.0
1187	92	-507	I9	-207.5	954.0	-1594.9	-93.0	-2809.0
1188	1154	-1560	I9	-203.0	1024.6	-1683.4	-93.0	-2809.0
1189	1974	-2826	I9	-426.0	1061.8	-1771.6	-93.0	-2826.0
1190	1410	-2292	I9	-441.0	1006.7	-1719.9	-93.0	-2826.0
1191	239	-998	I9	-379.5	934.9	-1622.5	-93.0	-2826.0
1192	541	-751	I9	-105.0	998.3	-1625.7	-93.0	-2826.0
1193	1731	-2081	I9	-175.0	1111.8	-1724.3	-93.0	-2826.0
1194	1991	-2774	I9	-391.5	1138.6	-1763.1	-93.0	-2826.0
1195	845	-1827	I9	-491.0	1050.8	-1697.2	-93.0	-2826.0
1196	-130	-527	I9	-328.5	984.7	-1614.3	-130.0	-2826.0
1197	643	-1033	I9	-195.0	1039.8	-1666.9	-130.0	-2826.0
1198	1762	-2350	I9	-294.0	1100.6	-1745.9	-130.0	-2826.0
1199	1659	-2297	I9	-319.0	1069.1	-1693.0	-130.0	-2826.0
1200	495	-1099	I9	-302.0	977.6	-1573.7	-130.0	-2826.0
1201	171	-355	I9	-92.0	970.8	-1509.4	-130.0	-2826.0
1202	1244	-1532	I9	-144.0	1041.1	-1587.5	-130.0	-2826.0
1203	1930	-2684	I9	-377.0	1061.0	-1647.8	-130.0	-2826.0
1204	1267	-2116	I9	-424.5	988.6	-1582.0	-130.0	-2826.0
1205	150	-870	I9	-360.0	919.1	-1486.3	-130.0	-2826.0
1206	574	-784	I9	-105.0	989.5	-1512.0	-130.0	-2826.0
1207	1739	-2088	I9	-174.5	1099.1	-1617.5	-130.0	-2826.0
1208	1899	-2626	I9	-363.5	1112.8	-1645.1	-130.0	-2826.0
1209	781	-1670	I9	-444.5	1025.0	-1582.4	-130.0	-2774.0
1210	-91	-431	I9	-261.0	966.4	-1515.6	-130.0	-2774.0
1211	740	-1063	I9	-161.5	1023.3	-1586.4	-130.0	-2774.0
1212	1845	-2367	I9	-261.0	1083.4	-1669.9	-130.0	-2774.0
1213	1667	-2196	I9	-264.5	1057.1	-1621.1	-130.0	-2774.0
1214	490	-980	I9	-245.0	979.4	-1507.5	-130.0	-2684.0
1215	302	-344	I9	-21.0	994.6	-1454.9	-130.0	-2684.0
1216	1415	-1638	I9	-111.5	1078.7	-1540.3	-91.0	-2684.0
1217	2014	-2744	I9	-365.0	1106.2	-1605.9	-91.0	-2744.0
1218	1245	-2082	I9	-418.5	1040.8	-1551.5	-91.0	-2744.0
1219	127	-784	I9	-328.5	975.4	-1462.9	-91.0	-2744.0
1220	650	-832	I9	-91.0	1049.5	-1503.0	-91.0	-2744.0
1221	1792	-1859	I9	-33.5	1154.7	-1582.6	-91.0	-2744.0
1222	1864	-1915	I9	-25.5	1156.6	-1537.4	-91.0	-2744.0
1223	735	-645	I9	45.0	1063.4	-1382.3	-91.0	-2744.0
1226	2018	-984	I9	517.0	1216.2	-1382.7	-91.0	-2744.0
1227	1636	-225	I9	705.5	1349.6	-1370.8	-91.0	-2744.0
1231	2171	-232	I9	969.5	1425.2	-1230.2	-91.0	-2744.0
1254	2152	-158	I9	997.0	1439.0	-971.6	-91.0	-2744.0
1277	2153	-152	I9	1000.5	1529.8	-778.6	-91.0	-2744.0
1286	2082	-138	I9	972.0	1725.3	-714.0	-91.0	-2744.0
1300	2141	-150	I9	995.5	1874.4	-645.8	127.0	-2744.0
