	X	Y	Label	meanY	avgX	avgY	minX	minY
1	2128	-99	I8	1014.5				
10	2123	-145	I8	989.0				
19	2119	-155	I8	982.0				
28	2166	-131	I8	1017.5				
42	2170	-157	I8	1006.5				
51	2147	-138	I8	1004.5				
60	2098	-138	I8	980.0				
69	2127	-95	I8	1016.0				
74	2175	-892	I8	641.5				
75	1024	-143	I8	440.5	2027.7	-209.3		
78	1991	-1031	I8	480.0	2014.0	-302.5		
79	1823	-1328	I8	247.5	1984.0	-420.8		
80	474	-258	I8	108.0	1819.5	-431.1		
82	1341	-882	I8	229.5	1737.0	-506.2		
83	2107	-2300	I8	-96.5	1730.7	-720.5		
84	1253	-1716	I8	-231.5	1641.3	-878.3		
85	-9	-391	I8	-200.0	1430.6	-903.6		
86	593	-590	I8	1.5	1277.2	-953.1		
87	1962	-2192	I8	-115.0	1255.9	-1083.1		
88	2075	-2678	I8	-301.5	1361.0	-1336.6	-9.0	-2678.0
89	720	-1501	I8	-390.5	1233.9	-1383.6	-9.0	-2678.0
90	-7	-373	I8	-190.0	1050.9	-1288.1	-9.0	-2678.0
91	1086	-1377	I8	-145.5	1112.1	-1400.0	-9.0	-2678.0
92	2118	-2823	I8	-352.5	1189.8	-1594.1	-9.0	-2823.0
93	1589	-2324	I8	-367.5	1138.0	-1596.5	-9.0	-2823.0
94	285	-893	I8	-304.0	1041.2	-1514.2	-9.0	-2823.0
95	482	-474	I8	4.0	1090.3	-1522.5	-9.0	-2823.0
96	1771	-1957	I8	-93.0	1208.1	-1659.2	-9.0	-2823.0
97	2136	-2765	I8	-314.5	1225.5	-1716.5	-9.0	-2823.0
98	976	-1768	I8	-396.0	1115.6	-1625.5	-9.0	-2823.0
99	-85	-352	I8	-218.5	1035.1	-1510.6	-85.0	-2823.0
100	765	-943	I8	-89.0	1112.3	-1567.6	-85.0	-2823.0
101	2013	-2412	I8	-199.5	1205.0	-1671.1	-85.0	-2823.0
102	1826	-2327	I8	-250.5	1175.8	-1621.5	-85.0	-2823.0
103	505	-988	I8	-241.5	1067.4	-1487.9	-85.0	-2823.0
104	240	-255	I8	-7.5	1062.9	-1424.1	-85.0	-2823.0
105	1440	-1583	I8	-71.5	1158.7	-1535.0	-85.0	-2823.0
106	2117	-2810	I8	-346.5	1193.3	-1620.3	-85.0	-2823.0
107	1277	-2083	I8	-403.0	1107.4	-1552.1	-85.0	-2823.0
108	30	-668	I8	-319.0	1012.8	-1442.1	-85.0	-2823.0
109	637	-851	I8	-107.0	1085.0	-1492.0	-85.0	-2823.0
110	1942	-2341	I8	-199.5	1202.7	-1631.8	-85.0	-2823.0
111	2026	-2727	I8	-350.5	1204.0	-1663.3	-85.0	-2823.0
112	701	-1528	I8	-413.5	1091.5	-1583.4	-85.0	-2810.0
113	17	-431	I8	-207.0	1042.7	-1527.7	-85.0	-2810.0
114	1085	-1398	I8	-156.5	1127.2	-1642.0	-85.0	-2810.0
115	2102	-2821	I8	-359.5	1193.4	-1765.8	-85.0	-2821.0
116	1609	-2332	I8	-361.5	1142.6	-1718.0	-85.0	-2821.0
117	314	-922	I8	-304.0	1046.3	-1601.9	-85.0	-2821.0
118	474	-493	I8	-9.5	1090.7	-1584.4	-85.0	-2821.0
119	1735	-1942	I8	-103.5	1200.5	-1693.5	17.0	-2821.0
120	2113	-2780	I8	-333.5	1217.6	-1737.4	17.0	-2821.0
121	1004	-1811	I8	-403.5	1115.4	-1645.8	17.0	-2821.0
122	-57	-441	I8	-249.0	1039.6	-1537.1	-57.0	-2821.0
123	732	-961	I8	-114.5	1111.1	-1590.1	-57.0	-2821.0
124	1966	-2401	I8	-217.5	1199.2	-1690.4	-57.0	-2821.0
125	1818	-2367	I8	-274.5	1170.8	-1645.0	-57.0	-2821.0
126	528	-1065	I8	-268.5	1062.7	-1518.3	-57.0	-2821.0
127	207	-289	I8	-41.0	1052.0	-1455.0	-57.0	-2821.0
128	1378	-1546	I8	-84.0	1142.4	-1560.3	-57.0	-2821.0
129	2095	-2790	I8	-347.5	1178.4	-1645.1	-57.0	-2821.0
130	1335	-2115	I8	-390.0	1100.6	-1578.6	-57.0	-2821.0
131	101	-714	I8	-306.5	1010.3	-1468.9	-57.0	-2821.0
132	599	-741	I8	-71.0	1075.9	-1498.9	-57.0	-2821.0
133	1880	-2215	I8	-167.5	1190.7	-1624.3	-57.0	-2821.0
134	2001	-2706	I8	-352.5	1194.2	-1654.8	-57.0	-2821.0
135	711	-1581	I8	-435.0	1083.5	-1576.2	-57.0	-2790.0
136	-78	-418	I8	-248.0	1022.9	-1511.5	-78.0	-2790.0
137	918	-1286	I8	-184.0	1094.0	-1611.2	-78.0	-2790.0
138	1994	-2735	I8	-370.5	1155.6	-1730.1	-78.0	-2790.0
139	1542	-2330	I8	-394.0	1100.3	-1684.1	-78.0	-2790.0
140	219	-933	I8	-357.0	988.7	-1565.9	-78.0	-2790.0
141	241	-445	I8	-102.0	1002.7	-1539.0	-78.0	-2790.0
142	1527	-1900	I8	-186.5	1095.5	-1654.9	-78.0	-2790.0
143	1991	-2851	I8	-430.0	1106.6	-1718.5	-78.0	-2851.0
144	921	-1907	I8	-493.0	998.6	-1638.6	-78.0	-2851.0
145	-237	-472	I8	-354.5	903.8	-1527.7	-237.0	-2851.0
146	504	-927	I8	-211.5	962.0	-1578.6	-237.0	-2851.0
147	1788	-2399	I8	-305.5	1049.0	-1689.9	-237.0	-2851.0
148	1710	-2441	I8	-365.5	1020.6	-1660.5	-237.0	-2851.0
149	445	-1152	I8	-353.5	910.9	-1542.7	-237.0	-2851.0
150	44	-303	I8	-129.5	893.4	-1479.7	-237.0	-2851.0
151	1231	-1524	I8	-146.5	992.4	-1587.6	-237.0	-2851.0
152	2020	-2818	I8	-399.0	1041.7	-1679.4	-237.0	-2851.0
153	1293	-2159	I8	-433.0	971.9	-1610.2	-237.0	-2851.0
154	37	-744	I8	-353.5	883.5	-1493.9	-237.0	-2851.0
155	578	-692	I8	-57.0	965.0	-1515.9	-237.0	-2851.0
156	1922	-2195	I8	-136.5	1106.8	-1642.7	-237.0	-2851.0
157	2096	-2747	I8	-325.5	1137.6	-1677.5	-237.0	-2851.0
158	791	-1633	I8	-421.0	1045.7	-1596.7	-237.0	-2851.0
159	-45	-410	I8	-227.5	996.7	-1522.5	-237.0	-2851.0
160	944	-1221	I8	-138.5	1086.7	-1614.3	-237.0	-2851.0
161	2079	-2655	I8	-288.0	1171.5	-1727.4	-237.0	-2851.0
162	1717	-2321	I8	-302.0	1141.2	-1677.7	-237.0	-2851.0
163	426	-954	I8	-264.0	1054.5	-1557.2	-237.0	-2818.0
164	424	-413	I8	5.5	1093.2	-1524.1	-237.0	-2818.0
165	1640	-1825	I8	-92.5	1199.4	-1637.4	-45.0	-2818.0
166	2128	-2825	I8	-348.5	1220.0	-1700.4	-45.0	-2825.0
167	1113	-1954	I8	-420.5	1121.7	-1621.1	-45.0	-2825.0
168	-20	-574	I8	-297.0	1040.6	-1515.2	-45.0	-2825.0
169	644	-946	I8	-151.0	1109.5	-1568.8	-45.0	-2825.0
170	1893	-2388	I8	-247.5	1204.4	-1685.5	-45.0	-2825.0
171	1893	-2544	I8	-325.5	1185.8	-1674.4	-45.0	-2825.0
172	583	-1336	I8	-376.5	1072.4	-1575.9	-45.0	-2825.0
173	66	-417	I8	-175.5	1036.4	-1522.2	-45.0	-2825.0
174	1160	-1526	I8	-183.0	1110.0	-1633.5	-45.0	-2825.0
175	1999	-2850	I8	-425.5	1145.9	-1736.0	-45.0	-2850.0
176	1359	-2264	I8	-452.5	1069.0	-1679.9	-45.0	-2850.0
177	114	-882	I8	-384.0	969.1	-1572.7	-45.0	-2850.0
178	439	-628	I8	-94.5	1015.0	-1578.1	-45.0	-2850.0
179	1742	-2086	I8	-172.0	1124.8	-1692.1	-20.0	-2850.0
180	1987	-2755	I8	-384.0	1134.2	-1728.8	-20.0	-2850.0
181	700	-1687	I8	-493.5	1014.9	-1643.1	-20.0	-2850.0
182	-236	-347	I8	-291.5	933.0	-1544.2	-236.0	-2850.0
183	683	-1024	I8	-170.5	994.7	-1604.9	-236.0	-2850.0
184	1877	-2457	I8	-290.0	1066.4	-1698.0	-236.0	-2850.0
185	1616	-2257	I8	-320.5	1028.1	-1638.7	-236.0	-2850.0
186	342	-922	I8	-290.0	926.4	-1504.5	-236.0	-2850.0
187	168	-283	I8	-57.5	931.8	-1444.6	-236.0	-2850.0
188	1412	-1691	I8	-139.5	1029.1	-1550.9	-236.0	-2850.0
189	1998	-2849	I8	-425.5	1054.7	-1627.2	-236.0	-2850.0
190	1072	-2045	I8	-486.5	963.2	-1556.2	-236.0	-2850.0
191	-138	-633	I8	-385.5	879.4	-1450.8	-236.0	-2850.0
192	499	-913	I8	-207.0	952.9	-1507.4	-236.0	-2850.0
193	1790	-2393	I8	-301.5	1063.6	-1644.3	-236.0	-2850.0
194	1829	-2692	I8	-431.5	1058.8	-1667.8	-236.0	-2850.0
195	508	-1474	I8	-483.0	948.0	-1589.5	-236.0	-2849.0
196	-121	-437	I8	-279.0	901.7	-1541.0	-236.0	-2849.0
197	973	-1435	I8	-231.0	982.2	-1656.2	-236.0	-2849.0
198	1920	-2799	I8	-439.5	1033.0	-1767.0	-236.0	-2849.0
199	1393	-2242	I8	-424.5	972.5	-1706.3	-236.0	-2849.0
200	160	-852	I8	-346.0	881.3	-1587.0	-236.0	-2849.0
201	458	-522	I8	-32.0	940.9	-1575.9	-236.0	-2849.0
202	1714	-1787	I8	-36.5	1062.4	-1663.3	-138.0	-2849.0
203	2038	-2236	I8	-99.0	1087.2	-1647.6	-138.0	-2849.0
204	899	-978	I8	-39.5	994.2	-1476.2	-138.0	-2849.0
207	2039	-1044	I8	497.5	1147.3	-1433.2	-138.0	-2849.0
208	1800	-504	I8	648.0	1339.4	-1439.9	-138.0	-2849.0
212	2129	-285	I8	922.0	1455.0	-1324.9	-138.0	-2849.0
235	2143	-145	I8	999.0	1477.3	-1059.5	-138.0	-2849.0
244	2075	-155	I8	960.0	1545.5	-850.8	-138.0	-2799.0
258	2109	-204	I8	952.5	1740.4	-786.0	-138.0	-2799.0
262	2093	-159	I8	967.0	1903.9	-749.7	-121.0	-2799.0
263	1774	-177	I8	798.5	1909.9	-588.7	-121.0	-2799.0
267	2145	-1030	I8	557.5	1920.6	-468.1	-121.0	-2799.0
268	1152	-344	I8	404.0	1945.9	-404.7	-121.0	-2799.0
271	1988	-868	I8	560.0	1940.8	-387.1	-121.0	-2799.0
272	1914	-1153	I8	380.5	1952.2	-452.0	160.0	-2799.0
275	1313	-370	I8	471.5	1870.6	-460.5	160.0	-2799.0
276	2223	-1911	I8	156.0	1878.6	-637.1	160.0	-2242.0
277	1429	-1341	I8	44.0	1814.0	-755.7	160.0	-2236.0
280	1973	-1519	I8	227.0	1800.4	-887.2	458.0	-2236.0
281	2212	-2182	I8	15.0	1812.3	-1089.5	899.0	-2236.0
282	832	-1071	I8	-119.5	1718.1	-1178.9	832.0	-2236.0
284	1062	-765	I8	148.5	1609.8	-1152.4	832.0	-2182.0
285	2134	-2156	I8	-11.0	1708.0	-1333.6	832.0	-2182.0
286	1643	-1632	I8	5.5	1673.5	-1410.0	832.0	-2182.0
287	311	-223	I8	44.0	1513.2	-1317.0	311.0	-2182.0
289	1698	-1229	I8	234.5	1551.7	-1402.9	311.0	-2182.0
290	2116	-2142	I8	-13.0	1541.0	-1426.0	311.0	-2182.0
291	998	-1242	I8	-122.0	1497.9	-1416.1	311.0	-2182.0
293	660	-391	I8	134.5	1366.6	-1303.3	311.0	-2182.0
294	1889	-1880	I8	4.5	1334.3	-1273.1	311.0	-2182.0
295	1755	-1928	I8	-86.5	1426.6	-1358.8	311.0	-2182.0
296	473	-738	I8	-132.5	1367.7	-1356.1	311.0	-2182.0
298	1372	-1302	I8	35.0	1291.5	-1270.7	311.0	-2182.0
299	2105	-2627	I8	-261.0	1337.7	-1370.2	311.0	-2627.0
300	1263	-1964	I8	-350.5	1432.9	-1544.3	311.0	-2627.0
301	-9	-560	I8	-284.5	1262.2	-1477.4	-9.0	-2627.0
302	579	-701	I8	-61.0	1108.5	-1333.3	-9.0	-2627.0
303	1949	-2285	I8	-168.0	1203.6	-1437.6	-9.0	-2627.0
304	2102	-2778	I8	-338.0	1347.8	-1676.3	-9.0	-2778.0
305	746	-1622	I8	-438.0	1233.5	-1650.5	-9.0	-2778.0
306	-43	-473	I8	-258.0	1053.7	-1505.0	-43.0	-2778.0
307	1012	-1409	I8	-198.5	1107.6	-1572.1	-43.0	-2778.0
308	2048	-2828	I8	-390.0	1175.2	-1724.7	-43.0	-2828.0
309	1581	-2388	I8	-403.5	1122.8	-1700.8	-43.0	-2828.0
310	315	-1035	I8	-360.0	1028.0	-1607.9	-43.0	-2828.0
311	400	-589	I8	-94.5	1068.9	-1610.8	-43.0	-2828.0
312	1623	-1970	I8	-173.5	1173.3	-1737.7	-43.0	-2828.0
313	2011	-2813	I8	-401.0	1179.5	-1790.5	-43.0	-2828.0
314	944	-1902	I8	-479.0	1063.7	-1702.9	-43.0	-2828.0
315	-158	-535	I8	-346.5	973.3	-1594.2	-158.0	-2828.0
316	614	-1004	I8	-195.0	1039.0	-1647.3	-158.0	-2828.0
317	1811	-2401	I8	-295.0	1118.9	-1746.5	-158.0	-2828.0
318	1742	-2429	I8	-343.5	1088.3	-1706.6	-158.0	-2828.0
319	487	-1181	I8	-347.0	978.9	-1585.9	-158.0	-2828.0
320	86	-346	I8	-130.0	956.0	-1517.0	-158.0	-2828.0
321	1252	-1561	I8	-154.5	1041.2	-1614.2	-158.0	-2828.0
322	2021	-2824	I8	-401.5	1081.0	-1699.6	-158.0	-2828.0
323	1327	-2201	I8	-437.0	1012.6	-1638.4	-158.0	-2828.0
324	80	-823	I8	-371.5	926.2	-1530.5	-158.0	-2828.0
325	563	-757	I8	-97.0	998.3	-1552.7	-158.0	-2828.0
326	1847	-2230	I8	-191.5	1121.6	-1675.3	-158.0	-2828.0
327	2040	-2793	I8	-376.5	1144.5	-1714.5	-158.0	-2828.0
328	736	-1672	I8	-468.0	1043.9	-1638.8	-158.0	-2824.0
329	-112	-420	I8	-266.0	984.0	-1562.7	-158.0	-2824.0
330	882	-1209	I8	-163.5	1063.6	-1649.0	-158.0	-2824.0
331	2023	-2639	I8	-308.0	1140.7	-1756.8	-158.0	-2824.0
332	1655	-2336	I8	-340.5	1104.1	-1708.0	-158.0	-2824.0
333	341	-947	I8	-303.0	1005.5	-1582.6	-158.0	-2824.0
334	306	-376	I8	-35.0	1028.1	-1537.9	-158.0	-2824.0
335	1569	-1807	I8	-119.0	1128.7	-1642.9	-112.0	-2824.0
336	2075	-2823	I8	-374.0	1151.5	-1702.2	-112.0	-2824.0
337	1060	-1964	I8	-452.0	1053.5	-1619.3	-112.0	-2824.0
338	-95	-573	I8	-334.0	970.4	-1509.4	-112.0	-2824.0
339	613	-947	I8	-167.0	1042.9	-1562.1	-112.0	-2824.0
340	1876	-2418	I8	-271.0	1142.3	-1683.0	-112.0	-2824.0
341	1867	-2574	I8	-353.5	1126.7	-1676.5	-112.0	-2824.0
342	601	-1341	I8	-370.0	1021.3	-1577.0	-112.0	-2823.0
343	98	-417	I8	-159.5	997.0	-1524.0	-112.0	-2823.0
344	1235	-1546	I8	-155.5	1089.9	-1641.0	-112.0	-2823.0
345	2081	-2879	I8	-399.0	1141.1	-1748.2	-112.0	-2879.0
346	1461	-2286	I8	-412.5	1079.7	-1694.5	-112.0	-2879.0
347	220	-889	I8	-334.5	995.7	-1587.0	-112.0	-2879.0
348	616	-643	I8	-13.5	1066.8	-1594.0	-112.0	-2879.0
349	1901	-2110	I8	-104.5	1195.6	-1710.3	-95.0	-2879.0
350	2152	-2763	I8	-305.5	1223.2	-1744.8	-95.0	-2879.0
351	900	-1690	I8	-395.0	1126.5	-1656.4	-95.0	-2879.0
352	-40	-355	I8	-197.5	1062.4	-1557.8	-95.0	-2879.0
353	901	-1074	I8	-86.5	1142.7	-1623.5	-95.0	-2879.0
354	2112	-2521	I8	-204.5	1230.4	-1721.0	-95.0	-2879.0
355	1819	-2291	I8	-236.0	1204.2	-1662.2	-95.0	-2879.0
356	513	-930	I8	-208.5	1109.4	-1526.6	-95.0	-2879.0
357	394	-290	I8	52.0	1126.8	-1466.7	-95.0	-2879.0
358	1617	-1725	I8	-54.0	1226.9	-1574.9	-40.0	-2879.0
359	2194	-2854	I8	-330.0	1256.2	-1649.3	-40.0	-2879.0
360	1257	-2032	I8	-387.5	1166.7	-1576.2	-40.0	-2879.0
361	40	-610	I8	-285.0	1080.7	-1468.2	-40.0	-2879.0
362	702	-936	I8	-117.0	1154.9	-1526.3	-40.0	-2879.0
363	1988	-2415	I8	-213.5	1263.6	-1660.4	-40.0	-2879.0
364	1989	-2656	I8	-333.5	1251.3	-1673.9	-40.0	-2879.0
365	688	-1396	I8	-354.0	1138.2	-1584.4	-40.0	-2854.0
366	83	-393	I8	-155.0	1095.2	-1530.7	-40.0	-2854.0
367	1207	-1475	I8	-134.0	1176.5	-1649.2	-40.0	-2854.0
368	2117	-2858	I8	-370.5	1226.5	-1762.5	-40.0	-2858.0
369	1515	-2275	I8	-380.0	1158.6	-1704.6	-40.0	-2858.0
370	215	-850	I8	-317.5	1054.4	-1586.4	-40.0	-2858.0
371	516	-543	I8	-13.5	1102.0	-1579.7	-40.0	-2858.0
372	1815	-2022	I8	-103.5	1213.3	-1688.3	40.0	-2858.0
373	2100	-2742	I8	-321.0	1224.5	-1721.0	40.0	-2858.0
374	828	-1696	I8	-434.0	1108.4	-1625.0	40.0	-2858.0
375	-190	-340	I8	-265.0	1020.6	-1519.4	-190.0	-2858.0
376	700	-1002	I8	-151.0	1082.3	-1580.3	-190.0	-2858.0
377	1917	-2455	I8	-269.0	1153.3	-1678.3	-190.0	-2858.0
378	1676	-2294	I8	-309.0	1109.2	-1621.9	-190.0	-2858.0
379	371	-963	I8	-296.0	994.8	-1490.7	-190.0	-2858.0
380	183	-298	I8	-57.5	991.6	-1435.5	-190.0	-2858.0
381	1394	-1682	I8	-144.0	1079.4	-1549.4	-190.0	-2858.0
382	2007	-2866	I8	-429.5	1098.6	-1633.8	-190.0	-2866.0
383	1097	-2095	I8	-499.0	998.3	-1569.1	-190.0	-2866.0
384	-103	-691	I8	-397.0	905.2	-1468.6	-190.0	-2866.0
385	512	-946	I8	-217.0	975.4	-1529.2	-190.0	-2866.0
386	1800	-2412	I8	-306.0	1085.4	-1670.2	-190.0	-2866.0
387	1835	-2744	I8	-454.5	1077.2	-1699.1	-190.0	-2866.0
388	521	-1543	I8	-511.0	961.7	-1624.0	-190.0	-2866.0
389	-153	-487	I8	-320.0	909.3	-1576.4	-190.0	-2866.0
390	914	-1456	I8	-271.0	982.4	-1692.2	-190.0	-2866.0
391	1880	-2842	I8	-481.0	1031.0	-1808.2	-190.0	-2866.0
392	1363	-2316	I8	-476.5	966.6	-1753.2	-190.0	-2866.0
393	138	-934	I8	-398.0	870.7	-1637.1	-190.0	-2866.0
394	381	-568	I8	-93.5	919.1	-1624.8	-190.0	-2866.0
395	1684	-2013	I8	-164.5	1036.3	-1731.5	-153.0	-2866.0
396	2035	-2803	I8	-384.0	1059.8	-1770.6	-153.0	-2866.0
397	888	-1791	I8	-451.5	965.1	-1675.3	-153.0	-2866.0
398	-153	-384	I8	-268.5	897.7	-1559.4	-153.0	-2866.0
399	722	-947	I8	-112.5	985.2	-1605.4	-153.0	-2866.0
400	1985	-2435	I8	-225.0	1092.3	-1703.3	-153.0	-2866.0
401	1821	-2359	I8	-269.0	1086.4	-1655.0	-153.0	-2866.0
402	509	-1015	I8	-253.0	1001.0	-1524.9	-153.0	-2842.0
403	197	-250	I8	-26.5	1006.9	-1456.5	-153.0	-2842.0
404	1371	-1543	I8	-86.0	1105.9	-1554.0	-153.0	-2842.0
405	2066	-2785	I8	-359.5	1144.1	-1631.2	-153.0	-2842.0
406	1250	-2087	I8	-418.5	1065.6	-1559.6	-153.0	-2842.0
407	5	-693	I8	-344.0	977.3	-1449.8	-153.0	-2842.0
408	608	-850	I8	-121.0	1053.4	-1496.4	-153.0	-2842.0
409	1925	-2363	I8	-219.0	1173.7	-1638.0	-153.0	-2842.0
410	2020	-2774	I8	-377.0	1177.2	-1671.9	-153.0	-2842.0
411	688	-1573	I8	-442.5	1063.9	-1593.3	-153.0	-2803.0
412	-41	-454	I8	-247.5	1008.9	-1537.2	-153.0	-2803.0
413	1045	-1409	I8	-182.0	1093.7	-1653.1	-153.0	-2803.0
414	2100	-2864	I8	-382.0	1166.6	-1785.2	-153.0	-2864.0
415	1603	-2396	I8	-396.5	1120.3	-1746.3	-153.0	-2864.0
416	288	-976	I8	-344.0	1024.1	-1635.2	-153.0	-2864.0
417	409	-516	I8	-53.5	1064.5	-1617.5	-153.0	-2864.0
418	1681	-1969	I8	-144.0	1171.8	-1729.4	-41.0	-2864.0
419	2070	-2820	I8	-375.0	1186.3	-1775.1	-41.0	-2864.0
420	955	-1849	I8	-447.0	1079.8	-1682.6	-41.0	-2864.0
421	-166	-457	I8	-311.5	994.4	-1571.0	-166.0	-2864.0
422	637	-972	I8	-167.5	1062.2	-1622.8	-166.0	-2864.0
423	1868	-2430	I8	-281.0	1144.5	-1724.9	-166.0	-2864.0
424	1726	-2395	I8	-334.5	1107.1	-1678.0	-166.0	-2864.0
425	415	-1081	I8	-333.0	988.3	-1546.5	-166.0	-2864.0
426	73	-280	I8	-103.5	966.8	-1476.9	-166.0	-2864.0
427	1283	-1564	I8	-140.5	1054.2	-1581.7	-166.0	-2864.0
428	2004	-2835	I8	-415.5	1086.5	-1668.3	-166.0	-2864.0
429	1201	-2136	I8	-467.5	999.6	-1599.9	-166.0	-2864.0
430	-62	-711	I8	-386.5	897.9	-1486.1	-166.0	-2864.0
431	530	-768	I8	-119.0	967.5	-1517.2	-166.0	-2864.0
432	1826	-2196	I8	-185.0	1086.4	-1639.6	-166.0	-2864.0
433	1956	-2415	I8	-229.5	1095.2	-1638.1	-166.0	-2864.0
434	682	-1063	I8	-190.5	990.8	-1504.9	-166.0	-2835.0
436	1001	-557	I8	222.0	1049.4	-1452.5	-166.0	-2835.0
437	2062	-1528	I8	267.0	1248.3	-1577.3	-166.0	-2835.0
438	1615	-710	I8	452.5	1281.5	-1491.9	-166.0	-2835.0
442	2160	-382	I8	889.0	1297.1	-1246.6	-166.0	-2835.0
451	2074	-91	I8	991.5	1384.4	-1042.1	-166.0	-2835.0
465	2140	-95	I8	1022.5	1604.6	-980.5	-166.0	-2835.0
474	2188	-110	I8	1039.0	1770.4	-914.7	-62.0	-2835.0
483	2121	-161	I8	980.0	1799.9	-711.2	-62.0	-2835.0
497	2139	-104	I8	1017.5	1818.2	-480.1	-62.0	-2835.0
506	2098	-120	I8	989.0	1959.8	-385.8	-62.0	-2835.0
515	2095	-529	I8	783.0	2069.2	-383.0	-62.0	-2835.0
519	1822	-200	I8	811.0	2045.2	-250.2	-62.0	-2835.0
520	2143	-1102	I8	520.5	2098.0	-289.4	-62.0	-2835.0
521	728	-164	I8	282.0	1954.8	-267.6	-62.0	-2415.0
524	2059	-1374	I8	342.5	1953.3	-395.9	-62.0	-2415.0
525	1599	-1108	I8	245.5	1899.2	-497.2	530.0	-2415.0
528	1627	-860	I8	383.5	1843.1	-572.2	682.0	-2415.0
529	2119	-1855	I8	132.0	1842.9	-741.6	682.0	-2415.0
530	1018	-942	I8	38.0	1730.8	-825.4	682.0	-1855.0
533	1955	-1488	I8	233.5	1716.5	-962.2	728.0	-1855.0
534	1802	-1556	I8	123.0	1687.2	-1064.9	728.0	-1855.0
535	468	-353	I8	57.5	1551.8	-1080.2	468.0	-1855.0
537	1341	-854	I8	243.5	1471.6	-1055.4	468.0	-1855.0
538	2109	-2226	I8	-58.5	1609.7	-1261.6	468.0	-2226.0
539	1296	-1591	I8	-147.5	1533.4	-1283.3	468.0	-2226.0
540	4	-200	I8	-98.0	1373.9	-1192.5	4.0	-2226.0
541	596	-336	I8	130.0	1270.8	-1140.1	4.0	-2226.0
542	1981	-1954	I8	13.5	1257.0	-1150.0	4.0	-2226.0
543	2121	-2478	I8	-178.5	1367.3	-1303.6	4.0	-2478.0
544	786	-1365	I8	-289.5	1250.4	-1291.3	4.0	-2478.0
545	42	-257	I8	-107.5	1074.4	-1161.4	4.0	-2478.0
546	1102	-1226	I8	-62.0	1137.8	-1248.7	4.0	-2478.0
547	2146	-2701	I8	-277.5	1218.3	-1433.4	4.0	-2701.0
548	1653	-2278	I8	-312.5	1172.7	-1438.6	4.0	-2701.0
549	347	-923	I8	-288.0	1077.8	-1371.8	4.0	-2701.0
550	462	-493	I8	-15.5	1123.6	-1401.1	4.0	-2701.0
551	1708	-1944	I8	-118.0	1234.8	-1561.9	4.0	-2701.0
552	2086	-2789	I8	-351.5	1245.3	-1645.4	4.0	-2789.0
553	976	-1868	I8	-446.0	1130.8	-1584.4	4.0	-2789.0
554	-139	-488	I8	-313.5	1038.3	-1496.7	-139.0	-2789.0
555	638	-997	I8	-179.5	1097.9	-1570.7	-139.0	-2789.0
556	1871	-2422	I8	-275.5	1174.8	-1690.3	-139.0	-2789.0
557	1747	-2410	I8	-331.5	1134.9	-1661.2	-139.0	-2789.0
558	487	-1146	I8	-329.5	1018.3	-1548.0	-139.0	-2789.0
559	119	-336	I8	-108.5	995.5	-1489.3	-139.0	-2789.0
560	1293	-1574	I8	-140.5	1078.6	-1597.4	-139.0	-2789.0
561	2023	-2793	I8	-385.0	1110.1	-1682.3	-139.0	-2793.0
562	1284	-2158	I8	-437.0	1029.9	-1619.2	-139.0	-2793.0
563	64	-783	I8	-359.5	938.7	-1510.7	-139.0	-2793.0
564	588	-798	I8	-105.0	1011.4	-1541.7	-139.0	-2793.0
565	1887	-2254	I8	-183.5	1136.3	-1667.4	-139.0	-2793.0
566	2026	-2758	I8	-366.0	1151.8	-1701.0	-139.0	-2793.0
567	766	-1632	I8	-433.0	1053.7	-1623.2	-139.0	-2793.0
568	-30	-423	I8	-226.5	1002.0	-1550.9	-139.0	-2793.0
569	974	-1249	I8	-137.5	1087.5	-1642.2	-139.0	-2793.0
570	2078	-2677	I8	-299.5	1166.0	-1752.5	-139.0	-2793.0
571	1700	-2334	I8	-317.0	1133.7	-1706.6	-139.0	-2793.0
572	403	-937	I8	-267.0	1045.6	-1584.5	-139.0	-2793.0
573	394	-405	I8	-5.5	1078.6	-1546.7	-139.0	-2793.0
574	1664	-1830	I8	-83.0	1186.2	-1649.9	-30.0	-2793.0
575	2126	-2822	I8	-348.0	1210.1	-1706.7	-30.0	-2822.0
576	1101	-1935	I8	-417.0	1117.6	-1624.4	-30.0	-2822.0
577	-54	-558	I8	-306.0	1035.6	-1517.0	-54.0	-2822.0
578	632	-950	I8	-159.0	1101.8	-1569.7	-54.0	-2822.0
579	1884	-2389	I8	-252.5	1192.8	-1683.7	-54.0	-2822.0
580	1877	-2522	I8	-322.5	1172.7	-1668.2	-54.0	-2822.0
581	621	-1300	I8	-339.5	1064.8	-1564.8	-54.0	-2822.0
582	129	-415	I8	-143.0	1037.4	-1512.6	-54.0	-2822.0
583	1244	-1523	I8	-139.5	1122.4	-1624.4	-54.0	-2822.0
584	2054	-2816	I8	-381.0	1161.4	-1723.0	-54.0	-2822.0
585	1422	-2234	I8	-406.0	1091.0	-1664.2	-54.0	-2822.0
586	210	-875	I8	-332.5	1001.9	-1558.2	-54.0	-2822.0
587	580	-643	I8	-31.5	1065.3	-1566.7	-54.0	-2822.0
588	1846	-2063	I8	-108.5	1186.7	-1678.0	-54.0	-2822.0
589	2077	-2715	I8	-319.0	1206.0	-1710.6	-54.0	-2822.0
590	845	-1691	I8	-423.0	1102.8	-1627.5	-54.0	-2822.0
591	-109	-366	I8	-237.5	1029.8	-1534.1	-109.0	-2822.0
592	758	-1012	I8	-127.0	1092.7	-1593.8	-109.0	-2822.0
593	1929	-2414	I8	-242.5	1161.2	-1682.9	-109.0	-2822.0
594	1701	-2245	I8	-272.0	1125.9	-1625.8	-109.0	-2822.0
595	470	-947	I8	-238.5	1030.7	-1497.1	-109.0	-2816.0
596	276	-295	I8	-9.5	1037.3	-1439.1	-109.0	-2816.0
597	1452	-1639	I8	-93.5	1124.5	-1538.7	-109.0	-2816.0
598	2050	-2794	I8	-372.0	1144.9	-1611.8	-109.0	-2816.0
599	1179	-2047	I8	-434.0	1055.1	-1545.0	-109.0	-2816.0
600	-11	-683	I8	-347.0	969.5	-1444.2	-109.0	-2816.0
601	571	-893	I8	-161.0	1037.5	-1496.9	-109.0	-2816.0
602	1849	-2321	I8	-236.0	1146.6	-1627.8	-109.0	-2816.0
603	1901	-2683	I8	-391.0	1143.8	-1654.7	-109.0	-2816.0
604	630	-1518	I8	-444.0	1036.7	-1582.0	-109.0	-2794.0
605	-61	-443	I8	-252.0	983.6	-1531.6	-109.0	-2794.0
606	969	-1365	I8	-198.0	1052.9	-1638.6	-109.0	-2794.0
607	1962	-2763	I8	-400.5	1103.9	-1751.0	-109.0	-2794.0
608	1495	-2283	I8	-394.0	1048.4	-1699.9	-109.0	-2794.0
609	256	-929	I8	-336.5	956.1	-1588.1	-109.0	-2794.0
610	413	-518	I8	-52.5	998.5	-1571.6	-109.0	-2794.0
611	1660	-1936	I8	-138.0	1107.4	-1675.9	-61.0	-2794.0
612	2043	-2793	I8	-375.0	1126.8	-1723.1	-61.0	-2794.0
613	946	-1848	I8	-451.0	1031.3	-1639.6	-61.0	-2794.0
614	-143	-479	I8	-311.0	954.0	-1535.7	-143.0	-2794.0
615	621	-960	I8	-169.5	1022.2	-1587.4	-143.0	-2794.0
616	1844	-2397	I8	-276.5	1109.7	-1690.6	-143.0	-2794.0
617	1742	-2396	I8	-327.0	1087.7	-1653.9	-143.0	-2794.0
618	475	-1122	I8	-323.5	985.7	-1537.8	-143.0	-2793.0
619	82	-307	I8	-112.5	968.3	-1475.6	-143.0	-2793.0
620	1242	-1537	I8	-147.5	1051.2	-1577.5	-143.0	-2793.0
621	2000	-2801	I8	-400.5	1085.2	-1664.0	-143.0	-2801.0
622	1261	-2150	I8	-444.5	1007.0	-1599.7	-143.0	-2801.0
623	30	-757	I8	-363.5	915.4	-1490.6	-143.0	-2801.0
624	522	-719	I8	-98.5	981.9	-1514.6	-143.0	-2801.0
625	1838	-2185	I8	-173.5	1103.6	-1637.1	-143.0	-2801.0
626	2016	-2724	I8	-354.0	1120.8	-1669.8	-143.0	-2801.0
627	748	-1601	I8	-426.5	1021.4	-1590.3	-143.0	-2801.0
628	-90	-387	I8	-238.5	964.9	-1516.8	-143.0	-2801.0
629	902	-1185	I8	-141.5	1046.9	-1604.6	-143.0	-2801.0
630	2015	-2595	I8	-290.0	1124.2	-1710.4	-143.0	-2801.0
631	1661	-2276	I8	-307.5	1090.3	-1657.9	-143.0	-2801.0
632	394	-924	I8	-265.0	1003.6	-1535.3	-143.0	-2801.0
633	375	-390	I8	-7.5	1038.1	-1498.6	-143.0	-2801.0
634	1608	-1787	I8	-89.5	1146.7	-1605.4	-90.0	-2801.0
635	2083	-2802	I8	-359.5	1171.2	-1667.1	-90.0	-2802.0
636	1075	-1941	I8	-433.0	1077.1	-1588.8	-90.0	-2802.0
637	-63	-584	I8	-323.5	996.0	-1487.1	-90.0	-2802.0
638	619	-951	I8	-166.0	1066.9	-1543.5	-90.0	-2802.0
639	1867	-2389	I8	-261.0	1163.4	-1663.9	-90.0	-2802.0
640	1867	-2553	I8	-343.0	1148.6	-1659.7	-90.0	-2802.0
641	594	-1320	I8	-363.0	1041.9	-1564.1	-90.0	-2802.0
642	68	-390	I8	-161.0	1009.3	-1510.7	-90.0	-2802.0
643	1180	-1494	I8	-157.0	1089.8	-1621.1	-90.0	-2802.0
644	2043	-2827	I8	-392.0	1133.3	-1725.1	-90.0	-2827.0
645	1425	-2237	I8	-406.0	1067.5	-1668.6	-90.0	-2827.0
646	177	-844	I8	-333.5	977.7	-1558.9	-90.0	-2827.0
647	536	-583	I8	-23.5	1037.6	-1558.8	-90.0	-2827.0
648	1822	-2030	I8	-104.0	1157.9	-1666.7	-63.0	-2827.0
649	2084	-2700	I8	-308.0	1179.6	-1697.8	-63.0	-2827.0
650	816	-1647	I8	-415.5	1074.5	-1607.2	-63.0	-2827.0
651	-149	-308	I8	-228.5	1000.2	-1506.0	-149.0	-2827.0
652	747	-951	I8	-102.0	1068.1	-1562.1	-149.0	-2827.0
653	1949	-2373	I8	-212.0	1145.0	-1650.0	-149.0	-2827.0
654	1722	-2195	I8	-236.5	1112.9	-1586.8	-149.0	-2827.0
655	440	-889	I8	-224.5	1014.4	-1452.0	-149.0	-2827.0
656	280	-245	I8	17.5	1024.7	-1392.1	-149.0	-2827.0
657	1440	-1595	I8	-77.5	1115.1	-1493.3	-149.0	-2827.0
658	2043	-2745	I8	-351.0	1137.2	-1564.8	-149.0	-2827.0
659	1185	-1995	I8	-405.0	1047.3	-1494.3	-149.0	-2827.0
660	30	-634	I8	-302.0	968.7	-1393.0	-149.0	-2827.0
661	654	-837	I8	-91.5	1049.0	-1445.9	-149.0	-2827.0
662	1886	-2060	I8	-87.0	1162.9	-1556.8	-149.0	-2827.0
663	1919	-2050	I8	-65.5	1159.9	-1524.5	-149.0	-2827.0
664	663	-667	I8	-2.0	1054.0	-1371.7	-149.0	-2745.0
666	1117	-341	I8	388.0	1121.7	-1316.9	-149.0	-2745.0
667	2107	-1293	I8	407.0	1304.4	-1421.7	-149.0	-2745.0
668	1589	-416	I8	586.5	1319.3	-1303.8	-149.0	-2745.0
672	2129	-265	I8	932.0	1327.9	-1055.8	-149.0	-2745.0
681	2133	-137	I8	998.0	1422.7	-870.0	-149.0	-2745.0
690	2140	-95	I8	1022.5	1633.7	-816.1	-149.0	-2745.0
695	2152	-91	I8	1030.5	1783.5	-741.5	30.0	-2745.0
704	2190	-368	I8	911.0	1813.9	-572.3	30.0	-2745.0
708	1920	-345	I8	787.5	1814.0	-401.8	30.0	-2745.0
709	1830	-757	I8	536.5	1930.7	-410.8	30.0	-2745.0
712	1184	-151	I8	516.5	1937.4	-391.8	30.0	-2745.0
713	2047	-1701	I8	173.0	1931.4	-432.6	30.0	-2745.0
714	1278	-1270	I8	4.0	1900.3	-518.0	30.0	-2745.0
717	1916	-1620	I8	148.0	1879.0	-653.5	30.0	-2060.0
718	2150	-2273	I8	-61.5	1880.7	-867.1	30.0	-2273.0
719	793	-1184	I8	-195.5	1746.0	-976.0	654.0	-2273.0
721	1054	-954	I8	50.0	1636.2	-1062.3	663.0	-2273.0
722	2169	-2460	I8	-145.5	1634.1	-1271.5	663.0	-2460.0
723	1706	-2091	I8	-192.5	1612.7	-1446.1	663.0	-2460.0
724	366	-700	I8	-167.0	1466.3	-1440.4	366.0	-2460.0
725	442	-214	I8	114.0	1392.1	-1446.7	366.0	-2460.0
726	1701	-1705	I8	-2.0	1357.5	-1447.1	366.0	-2460.0
727	2139	-2612	I8	-236.5	1443.6	-1581.3	366.0	-2612.0
728	1057	-1725	I8	-334.0	1357.7	-1591.8	366.0	-2612.0
729	-72	-385	I8	-228.5	1135.5	-1403.0	-72.0	-2612.0
730	657	-860	I8	-101.5	1121.9	-1370.6	-72.0	-2612.0
731	1870	-2290	I8	-210.0	1203.5	-1504.2	-72.0	-2612.0
732	1766	-2317	I8	-275.5	1163.2	-1489.9	-72.0	-2612.0
733	507	-1101	I8	-297.0	1043.3	-1390.9	-72.0	-2612.0
734	120	-299	I8	-89.5	1018.7	-1350.8	-72.0	-2612.0
735	1251	-1500	I8	-124.5	1099.6	-1479.4	-72.0	-2612.0
736	2013	-2733	I8	-360.0	1130.8	-1582.2	-72.0	-2733.0
737	1329	-2132	I8	-401.5	1049.8	-1534.2	-72.0	-2733.0
738	103	-787	I8	-342.0	954.4	-1440.4	-72.0	-2733.0
739	546	-679	I8	-66.5	1016.2	-1469.8	-72.0	-2733.0
740	1794	-2087	I8	-146.5	1129.9	-1592.5	-72.0	-2733.0
741	1959	-2634	I8	-337.5	1138.8	-1626.9	-72.0	-2733.0
742	735	-1594	I8	-429.5	1035.7	-1554.6	-72.0	-2733.0
743	-119	-354	I8	-236.5	973.1	-1479.9	-119.0	-2733.0
744	806	-1074	I8	-134.0	1041.7	-1557.4	-119.0	-2733.0
745	1943	-2448	I8	-252.5	1110.9	-1652.2	-119.0	-2733.0
746	1658	-2190	I8	-266.0	1075.4	-1597.9	-119.0	-2733.0
747	388	-878	I8	-245.0	981.3	-1472.5	-119.0	-2733.0
748	324	-299	I8	12.5	1003.4	-1423.7	-119.0	-2733.0
749	1555	-1699	I8	-72.0	1104.3	-1525.7	-119.0	-2733.0
750	2112	-2780	I8	-334.0	1136.1	-1595.0	-119.0	-2780.0
751	1163	-1972	I8	-404.5	1056.5	-1528.8	-119.0	-2780.0
752	33	-610	I8	-288.5	986.3	-1430.4	-119.0	-2780.0
753	669	-917	I8	-124.0	1065.1	-1486.7	-119.0	-2780.0
754	1937	-2372	I8	-217.5	1178.2	-1616.5	-119.0	-2780.0
755	1937	-2615	I8	-339.0	1177.6	-1633.2	-119.0	-2780.0
756	624	-1381	I8	-378.5	1074.2	-1552.3	-119.0	-2780.0
757	37	-388	I8	-175.5	1039.1	-1503.3	-119.0	-2780.0
758	1141	-1456	I8	-157.5	1120.8	-1619.0	-119.0	-2780.0
759	2048	-2818	I8	-385.0	1170.1	-1730.9	-119.0	-2818.0
760	1454	-2246	I8	-396.0	1104.3	-1677.5	-119.0	-2818.0
761	199	-846	I8	-323.5	1007.9	-1564.9	-119.0	-2818.0
762	449	-524	I8	-37.5	1049.5	-1556.3	-119.0	-2818.0
763	1745	-1979	I8	-117.0	1157.1	-1662.5	33.0	-2818.0
764	2046	-2714	I8	-334.0	1168.0	-1696.7	33.0	-2818.0
765	833	-1696	I8	-431.5	1057.6	-1604.8	33.0	-2818.0
766	-164	-343	I8	-253.5	978.8	-1501.0	-164.0	-2818.0
767	678	-935	I8	-128.5	1042.9	-1555.7	-164.0	-2818.0
768	1878	-2341	I8	-231.5	1116.6	-1644.2	-164.0	-2818.0
769	1687	-2207	I8	-260.0	1080.5	-1583.1	-164.0	-2818.0
770	420	-909	I8	-244.5	977.1	-1449.4	-164.0	-2818.0
771	199	-219	I8	-10.0	977.1	-1386.7	-164.0	-2818.0
772	1394	-1547	I8	-76.5	1071.6	-1489.0	-164.0	-2818.0
773	2039	-2748	I8	-354.5	1101.0	-1565.9	-164.0	-2818.0
774	1211	-2023	I8	-406.0	1017.5	-1496.8	-164.0	-2818.0
775	9	-654	I8	-322.5	935.1	-1392.6	-164.0	-2818.0
776	625	-855	I8	-115.0	1014.0	-1443.8	-164.0	-2818.0
777	1954	-2351	I8	-198.5	1141.6	-1585.4	-164.0	-2818.0
778	2022	-2740	I8	-359.0	1156.0	-1625.3	-164.0	-2818.0
779	712	-1543	I8	-415.5	1058.5	-1558.9	-164.0	-2748.0
780	16	-449	I8	-216.5	1018.1	-1512.9	-164.0	-2748.0
781	1090	-1412	I8	-161.0	1107.2	-1632.2	-164.0	-2748.0
782	2103	-2837	I8	-367.0	1178.1	-1761.2	-164.0	-2837.0
783	1608	-2343	I8	-367.5	1135.0	-1720.7	-164.0	-2837.0
784	294	-940	I8	-323.0	1043.3	-1612.4	-164.0	-2837.0
785	439	-509	I8	-35.0	1086.3	-1597.9	-164.0	-2837.0
786	1687	-1945	I8	-129.0	1192.5	-1706.9	9.0	-2837.0
787	2058	-2784	I8	-363.0	1202.9	-1750.2	9.0	-2837.0
788	937	-1825	I8	-444.0	1094.4	-1658.7	9.0	-2837.0
789	-156	-465	I8	-310.5	1007.6	-1550.9	-156.0	-2837.0
790	617	-958	I8	-170.5	1067.7	-1601.8	-156.0	-2837.0
791	1806	-2379	I8	-286.5	1139.3	-1698.5	-156.0	-2837.0
792	1688	-2356	I8	-334.0	1097.8	-1650.4	-156.0	-2837.0
793	433	-1080	I8	-323.5	980.3	-1524.1	-156.0	-2837.0
794	78	-296	I8	-109.0	958.7	-1459.7	-156.0	-2837.0
795	1236	-1531	I8	-147.5	1038.4	-1561.9	-156.0	-2837.0
796	1969	-2763	I8	-397.0	1066.6	-1643.7	-156.0	-2837.0
797	1230	-2115	I8	-442.5	983.8	-1576.8	-156.0	-2837.0
798	14	-737	I8	-361.5	891.5	-1468.0	-156.0	-2837.0
799	520	-726	I8	-103.0	959.1	-1494.1	-156.0	-2837.0
800	1835	-2199	I8	-182.0	1080.9	-1618.2	-156.0	-2837.0
801	1997	-2708	I8	-355.5	1100.0	-1651.1	-156.0	-2837.0
802	724	-1570	I8	-423.0	1003.6	-1572.5	-156.0	-2784.0
803	-93	-378	I8	-235.5	951.0	-1502.3	-156.0	-2784.0
804	949	-1222	I8	-136.5	1038.1	-1594.9	-156.0	-2784.0
805	2061	-2665	I8	-302.0	1120.6	-1708.3	-156.0	-2784.0
806	1667	-2298	I8	-315.5	1090.4	-1661.8	-156.0	-2784.0
807	349	-889	I8	-270.0	1002.3	-1539.2	-156.0	-2763.0
808	364	-363	I8	0.5	1037.3	-1501.8	-156.0	-2763.0
809	1629	-1814	I8	-92.5	1148.2	-1610.6	-93.0	-2763.0
810	2097	-2795	I8	-349.0	1174.4	-1670.2	-93.0	-2795.0
811	1062	-1883	I8	-410.5	1080.9	-1587.7	-93.0	-2795.0
812	-103	-501	I8	-302.0	998.2	-1480.8	-103.0	-2795.0
813	622	-893	I8	-135.5	1069.7	-1532.3	-103.0	-2795.0
814	1840	-2330	I8	-245.0	1158.8	-1643.1	-103.0	-2795.0
815	1825	-2431	I8	-303.0	1135.2	-1619.7	-103.0	-2795.0
816	531	-1197	I8	-333.0	1021.6	-1509.6	-103.0	-2795.0
817	73	-328	I8	-127.5	994.0	-1453.5	-103.0	-2795.0
818	1175	-1454	I8	-139.5	1075.1	-1562.6	-103.0	-2795.0
819	1998	-2736	I8	-369.0	1112.0	-1654.8	-103.0	-2795.0
820	1356	-2140	I8	-392.0	1037.9	-1589.3	-103.0	-2795.0
821	138	-775	I8	-318.5	945.5	-1478.5	-103.0	-2795.0
822	521	-567	I8	-23.0	1007.9	-1485.1	-103.0	-2795.0
823	1775	-2005	I8	-115.0	1123.2	-1596.3	-103.0	-2795.0
824	2010	-2631	I8	-310.5	1140.2	-1626.4	-103.0	-2795.0
825	754	-1585	I8	-415.5	1033.1	-1541.8	-103.0	-2795.0
826	-137	-293	I8	-215.0	966.3	-1451.4	-137.0	-2795.0
827	746	-963	I8	-108.5	1033.6	-1514.9	-137.0	-2795.0
828	1947	-2375	I8	-214.0	1110.8	-1607.0	-137.0	-2795.0
829	1688	-2163	I8	-237.5	1079.8	-1549.7	-137.0	-2795.0
830	417	-834	I8	-208.5	985.9	-1419.1	-137.0	-2736.0
831	260	-217	I8	21.5	998.1	-1363.3	-137.0	-2736.0
832	1483	-1621	I8	-69.0	1094.3	-1468.7	-137.0	-2736.0
833	2072	-2768	I8	-348.0	1124.0	-1545.0	-137.0	-2768.0
834	1149	-1969	I8	-410.0	1037.9	-1478.8	-137.0	-2768.0
835	-36	-579	I8	-307.5	958.9	-1378.2	-137.0	-2768.0
836	587	-862	I8	-137.5	1031.3	-1435.1	-137.0	-2768.0
837	1897	-2347	I8	-225.0	1146.4	-1573.5	-137.0	-2768.0
838	1915	-2639	I8	-362.0	1143.2	-1599.9	-137.0	-2768.0
839	597	-1424	I8	-413.5	1034.1	-1526.0	-137.0	-2768.0
840	-40	-403	I8	-221.5	988.4	-1482.9	-137.0	-2768.0
841	1065	-1434	I8	-184.5	1068.9	-1604.6	-137.0	-2768.0
842	2015	-2813	I8	-399.0	1122.1	-1723.8	-137.0	-2813.0
843	1453	-2249	I8	-398.0	1060.2	-1671.9	-137.0	-2813.0
844	196	-850	I8	-327.0	964.9	-1560.0	-137.0	-2813.0
845	415	-509	I8	-47.0	1010.0	-1553.0	-137.0	-2813.0
846	1700	-1956	I8	-128.0	1121.3	-1662.4	-40.0	-2813.0
847	2022	-2709	I8	-343.5	1133.8	-1698.6	-40.0	-2813.0
848	835	-1701	I8	-433.0	1025.8	-1604.8	-40.0	-2813.0
849	-191	-317	I8	-254.0	947.0	-1494.1	-191.0	-2813.0
850	648	-892	I8	-122.0	1015.8	-1543.0	-191.0	-2813.0
851	1865	-2326	I8	-230.5	1095.8	-1632.2	-191.0	-2813.0
852	1691	-2228	I8	-268.5	1063.4	-1573.7	-191.0	-2813.0
853	399	-938	I8	-269.5	958.0	-1442.6	-191.0	-2813.0
854	134	-228	I8	-47.0	951.8	-1380.4	-191.0	-2813.0
855	1337	-1547	I8	-105.0	1044.0	-1484.2	-191.0	-2813.0
856	2008	-2770	I8	-381.0	1074.8	-1565.6	-191.0	-2813.0
857	1182	-2060	I8	-439.0	990.8	-1500.7	-191.0	-2813.0
858	-23	-680	I8	-351.5	905.0	-1398.6	-191.0	-2813.0
859	548	-848	I8	-150.0	978.9	-1451.7	-191.0	-2813.0
860	1833	-2270	I8	-218.5	1097.4	-1589.5	-191.0	-2813.0
861	1922	-2542	I8	-310.0	1103.1	-1611.1	-191.0	-2813.0
862	643	-1252	I8	-304.5	998.3	-1513.5	-191.0	-2770.0
863	-40	-130	I8	-85.0	954.4	-1432.7	-191.0	-2770.0
864	977	-847	I8	65.0	1038.7	-1494.6	-191.0	-2770.0
865	2012	-1825	I8	93.5	1106.2	-1522.4	-191.0	-2770.0
866	1535	-1008	I8	263.5	1058.9	-1346.2	-191.0	-2770.0
869	1707	-161	I8	773.0	1111.4	-1156.3	-191.0	-2770.0
870	2133	-670	I8	731.5	1327.0	-1155.3	-191.0	-2770.0
879	2101	-111	I8	995.0	1482.3	-1081.6	-40.0	-2770.0
888	2059	-101	I8	979.0	1504.9	-864.7	-40.0	-2770.0
893	2097	-105	I8	996.0	1522.4	-621.0	-40.0	-2770.0
902	2158	-118	I8	1020.0	1673.9	-507.6	-40.0	-2770.0
911	2099	-205	I8	947.0	1887.8	-515.1	-40.0	-2770.0
916	2048	-248	I8	900.0	1994.9	-455.2	-40.0	-2770.0
920	2038	-512	I8	763.0	1997.5	-323.9	-40.0	-2770.0
921	1518	-261	I8	628.5	1995.8	-249.2	-40.0	-2542.0
924	1618	-194	I8	712.0	1986.9	-252.5	-40.0	-2542.0
925	2108	-1257	I8	425.5	1984.4	-311.2	-40.0	-2542.0
926	907	-417	I8	245.0	1865.0	-341.8	-40.0	-2542.0
929	2023	-1254	I8	384.5	1861.4	-457.1	-40.0	-2542.0
930	1781	-1297	I8	242.0	1829.8	-576.3	-40.0	-1825.0
933	1461	-770	I8	345.5	1760.1	-641.5	-40.0	-1825.0
934	2173	-2085	I8	44.0	1767.5	-829.5	907.0	-2085.0
935	1222	-1378	I8	-78.0	1684.9	-942.5	907.0	-2085.0
937	631	-340	I8	145.5	1544.2	-925.3	631.0	-2085.0
938	2024	-1996	I8	14.0	1594.8	-1098.8	631.0	-2085.0
939	2079	-2389	I8	-155.0	1640.9	-1318.3	631.0	-2389.0
940	690	-1200	I8	-255.0	1499.1	-1312.6	631.0	-2389.0
941	48	-202	I8	-77.0	1413.2	-1291.1	48.0	-2389.0
942	1209	-1324	I8	-57.5	1331.8	-1298.1	48.0	-2389.0
943	2142	-2740	I8	-299.0	1367.9	-1442.4	48.0	-2740.0
944	1522	-2210	I8	-344.0	1374.0	-1586.4	48.0	-2740.0
945	215	-828	I8	-306.5	1178.2	-1460.7	48.0	-2740.0
946	535	-542	I8	-3.5	1109.5	-1377.1	48.0	-2740.0
947	1810	-2009	I8	-99.5	1227.4	-1544.0	48.0	-2740.0
948	2088	-2684	I8	-298.0	1233.8	-1612.8	48.0	-2740.0
949	818	-1663	I8	-422.5	1107.7	-1540.2	48.0	-2740.0
950	-144	-336	I8	-240.0	1024.3	-1453.8	-144.0	-2740.0
951	757	-1009	I8	-126.0	1095.2	-1534.5	-144.0	-2740.0
952	1946	-2426	I8	-240.0	1168.9	-1644.7	-144.0	-2740.0
953	1687	-2249	I8	-281.0	1123.4	-1595.6	-144.0	-2740.0
954	418	-928	I8	-255.0	1013.0	-1467.4	-144.0	-2740.0
955	262	-277	I8	-7.5	1017.7	-1412.3	-144.0	-2740.0
956	1479	-1674	I8	-97.5	1112.1	-1525.5	-144.0	-2740.0
957	2069	-2814	I8	-372.5	1138.0	-1606.0	-144.0	-2814.0
958	1168	-2046	I8	-439.0	1046.0	-1542.2	-144.0	-2814.0
959	-27	-651	I8	-339.0	961.5	-1441.0	-144.0	-2814.0
960	622	-930	I8	-154.0	1038.1	-1500.4	-144.0	-2814.0
961	1905	-2405	I8	-250.0	1152.9	-1640.0	-144.0	-2814.0
962	1945	-2706	I8	-380.5	1152.8	-1668.0	-144.0	-2814.0
963	669	-1529	I8	-430.0	1051.0	-1596.0	-144.0	-2814.0
964	6	-485	I8	-239.5	1009.8	-1551.7	-144.0	-2814.0
965	1114	-1519	I8	-202.5	1095.0	-1675.9	-144.0	-2814.0
966	2064	-2900	I8	-418.0	1153.5	-1798.5	-144.0	-2900.0
967	1510	-2346	I8	-418.0	1097.6	-1751.7	-144.0	-2900.0
968	202	-922	I8	-360.0	1001.0	-1639.3	-144.0	-2900.0
969	461	-563	I8	-51.0	1049.8	-1630.5	-144.0	-2900.0
970	1749	-2034	I8	-142.5	1162.5	-1740.9	-27.0	-2900.0
971	2087	-2798	I8	-355.5	1180.7	-1780.2	-27.0	-2900.0
972	888	-1766	I8	-439.0	1075.0	-1686.2	-27.0	-2900.0
973	-173	-313	I8	-243.0	990.8	-1564.6	-173.0	-2900.0
974	710	-917	I8	-103.5	1061.2	-1607.8	-173.0	-2900.0
975	1949	-2370	I8	-210.5	1144.7	-1692.9	-173.0	-2900.0
976	1739	-2255	I8	-258.0	1112.2	-1628.4	-173.0	-2900.0
977	447	-926	I8	-239.5	1005.9	-1486.4	-173.0	-2900.0
978	216	-217	I8	-0.5	1007.3	-1415.9	-173.0	-2900.0
979	1422	-1558	I8	-68.0	1103.4	-1515.4	-173.0	-2900.0
980	2078	-2775	I8	-348.5	1136.3	-1589.5	-173.0	-2900.0
981	1219	-2047	I8	-414.0	1049.5	-1514.4	-173.0	-2900.0
982	-10	-659	I8	-334.5	959.7	-1403.7	-173.0	-2900.0
983	597	-871	I8	-137.0	1036.7	-1459.5	-173.0	-2900.0
984	1877	-2352	I8	-237.5	1153.4	-1603.0	-173.0	-2900.0
985	1945	-2729	I8	-392.0	1153.0	-1638.9	-173.0	-2900.0
986	669	-1562	I8	-446.5	1046.0	-1569.6	-173.0	-2798.0
987	-32	-475	I8	-253.5	998.1	-1524.5	-173.0	-2798.0
988	1017	-1412	I8	-197.5	1078.2	-1644.0	-173.0	-2798.0
989	2018	-2808	I8	-395.0	1137.8	-1769.0	-173.0	-2808.0
990	1550	-2318	I8	-384.0	1085.0	-1723.3	-173.0	-2808.0
991	282	-947	I8	-332.5	991.3	-1613.3	-173.0	-2808.0
992	437	-528	I8	-45.5	1036.0	-1600.2	-173.0	-2808.0
993	1692	-1959	I8	-133.5	1145.5	-1709.0	-32.0	-2808.0
994	2080	-2801	I8	-360.5	1165.8	-1753.9	-32.0	-2808.0
995	967	-1848	I8	-440.5	1068.0	-1665.8	-32.0	-2808.0
996	-145	-450	I8	-297.5	986.6	-1554.6	-145.0	-2808.0
997	628	-947	I8	-159.5	1052.6	-1601.8	-145.0	-2808.0
998	1869	-2395	I8	-263.0	1137.8	-1700.1	-145.0	-2808.0
999	1753	-2389	I8	-318.0	1111.3	-1658.2	-145.0	-2808.0
1000	451	-1105	I8	-327.0	1001.4	-1536.9	-145.0	-2808.0
1001	88	-293	I8	-102.5	982.0	-1471.5	-145.0	-2808.0
1002	1275	-1542	I8	-133.5	1065.8	-1572.9	-145.0	-2808.0
1003	2009	-2804	I8	-397.5	1097.5	-1657.4	-145.0	-2808.0
1004	1243	-2144	I8	-450.5	1013.8	-1591.7	-145.0	-2808.0
1005	2	-741	I8	-369.5	917.3	-1481.0	-145.0	-2808.0
1006	554	-784	I8	-115.0	987.2	-1514.4	-145.0	-2808.0
1007	1892	-2302	I8	-205.0	1113.6	-1649.9	-145.0	-2808.0
1008	2041	-2794	I8	-376.5	1130.8	-1689.8	-145.0	-2808.0
1009	713	-1619	I8	-453.0	1026.8	-1612.8	-145.0	-2804.0
1010	-73	-425	I8	-249.0	974.4	-1544.8	-145.0	-2804.0
1011	999	-1316	I8	-158.5	1065.5	-1647.1	-145.0	-2804.0
1012	2085	-2786	I8	-350.5	1146.5	-1771.5	-145.0	-2804.0
1013	1631	-2381	I8	-375.0	1108.7	-1729.2	-145.0	-2804.0
1014	317	-950	I8	-316.5	1016.1	-1609.8	-145.0	-2804.0
1015	393	-442	I8	-24.5	1055.2	-1579.9	-145.0	-2804.0
1016	1664	-1903	I8	-119.5	1166.2	-1691.8	-73.0	-2804.0
1017	2098	-2826	I8	-364.0	1186.8	-1744.2	-73.0	-2826.0
1018	1018	-1892	I8	-437.0	1084.5	-1654.0	-73.0	-2826.0
1019	-104	-503	I8	-303.5	1002.8	-1542.4	-104.0	-2826.0
1020	636	-936	I8	-150.0	1073.7	-1593.5	-104.0	-2826.0
1021	1846	-2362	I8	-258.0	1158.4	-1698.1	-104.0	-2826.0
1022	1783	-2404	I8	-310.5	1128.2	-1659.9	-104.0	-2826.0
1023	528	-1142	I8	-307.0	1017.9	-1536.0	-104.0	-2826.0
1024	91	-306	I8	-107.5	995.3	-1471.6	-104.0	-2826.0
1025	1218	-1497	I8	-139.5	1077.8	-1577.1	-104.0	-2826.0
1026	1996	-2767	I8	-385.5	1111.0	-1663.5	-104.0	-2826.0
1027	1293	-2135	I8	-421.0	1030.5	-1594.4	-104.0	-2826.0
1028	56	-743	I8	-343.5	934.3	-1479.5	-104.0	-2826.0
1029	548	-662	I8	-57.0	999.5	-1495.4	-104.0	-2826.0
1030	1869	-2173	I8	-152.0	1122.8	-1619.1	-104.0	-2826.0
1031	2075	-2752	I8	-338.5	1145.7	-1658.1	-104.0	-2826.0
1032	750	-1603	I8	-426.5	1042.4	-1578.0	-104.0	-2826.0
1033	-104	-361	I8	-232.5	979.2	-1499.9	-104.0	-2826.0
1034	916	-1175	I8	-129.5	1061.7	-1586.8	-104.0	-2826.0
1035	2067	-2644	I8	-288.5	1146.6	-1701.5	-104.0	-2826.0
1036	1685	-2308	I8	-311.5	1115.5	-1655.6	-104.0	-2826.0
1037	345	-895	I8	-275.0	1020.7	-1531.6	-104.0	-2767.0
1038	323	-344	I8	-10.5	1047.4	-1491.7	-104.0	-2767.0
1039	1592	-1812	I8	-110.0	1151.8	-1606.7	-104.0	-2767.0
1040	2088	-2819	I8	-365.5	1173.7	-1671.3	-104.0	-2819.0
1041	1042	-1902	I8	-430.0	1070.4	-1586.3	-104.0	-2819.0
1042	-120	-489	I8	-304.5	983.4	-1474.9	-120.0	-2819.0
1043	582	-892	I8	-155.0	1052.0	-1528.0	-120.0	-2819.0
1044	1853	-2370	I8	-258.5	1145.7	-1647.5	-120.0	-2819.0
1045	1818	-2486	I8	-334.0	1120.8	-1631.7	-120.0	-2819.0
1046	498	-1213	I8	-357.5	1002.1	-1522.2	-120.0	-2819.0
1047	48	-321	I8	-136.5	972.4	-1464.8	-120.0	-2819.0
1048	1213	-1482	I8	-134.5	1061.4	-1578.6	-120.0	-2819.0
1049	2018	-2785	I8	-383.5	1104.0	-1675.9	-120.0	-2819.0
1050	1334	-2162	I8	-414.0	1028.6	-1610.2	-120.0	-2819.0
1051	79	-764	I8	-342.5	932.3	-1496.4	-120.0	-2819.0
1052	497	-624	I8	-63.5	994.0	-1509.9	-120.0	-2819.0
1053	1839	-2137	I8	-149.0	1119.7	-1634.4	-120.0	-2819.0
1054	2063	-2740	I8	-338.5	1140.7	-1671.4	-120.0	-2819.0
1055	733	-1613	I8	-440.0	1032.2	-1584.1	-120.0	-2819.0
1056	-119	-341	I8	-230.0	970.5	-1496.9	-120.0	-2819.0
1057	840	-1120	I8	-140.0	1049.7	-1576.8	-120.0	-2819.0
1058	2015	-2518	I8	-251.5	1129.9	-1680.4	-120.0	-2819.0
1059	1669	-2051	I8	-191.0	1095.0	-1607.0	-120.0	-2819.0
1060	372	-535	I8	-81.5	998.8	-1444.3	-120.0	-2785.0
1062	1630	-1151	I8	239.5	1153.9	-1483.0	-120.0	-2785.0
1063	2149	-1774	I8	187.5	1319.1	-1598.0	-119.0	-2785.0
1064	1129	-570	I8	279.5	1248.1	-1441.3	-119.0	-2785.0
1067	2009	-455	I8	777.0	1242.7	-1212.8	-119.0	-2785.0
1068	1917	-226	I8	845.5	1361.1	-1074.1	-119.0	-2785.0
1072	2113	-264	I8	924.5	1584.3	-1066.4	-119.0	-2785.0
1077	2082	-95	I8	993.5	1708.5	-963.9	-119.0	-2785.0
1086	2095	-108	I8	993.5	1716.5	-722.9	-119.0	-2785.0
1095	2136	-136	I8	1000.0	1763.2	-531.4	-119.0	-2740.0
1104	2096	-253	I8	921.5	1935.6	-503.2	-119.0	-2740.0
1109	2165	-459	I8	853.0	1989.1	-434.0	-119.0	-2740.0
1113	2157	-818	I8	669.5	1989.9	-338.4	-119.0	-2740.0
1114	1609	-611	I8	499.0	2037.9	-342.5	-119.0	-2740.0
1117	1640	-471	I8	584.5	2001.0	-344.1	-119.0	-2518.0
1118	2131	-1513	I8	309.0	2022.4	-472.8	-119.0	-2518.0
1119	939	-607	I8	166.0	1905.0	-507.1	372.0	-2518.0
1122	2048	-1450	I8	299.0	1901.6	-642.6	372.0	-2518.0
1123	1773	-1444	I8	164.5	1869.4	-776.2	372.0	-2051.0
1124	414	-162	I8	126.0	1697.2	-778.8	372.0	-1774.0
1126	1474	-921	I8	276.5	1635.0	-845.6	414.0	-1774.0
1127	2160	-2252	I8	-46.0	1634.5	-1024.9	414.0	-2252.0
1128	1215	-1578	I8	-181.5	1540.3	-1100.9	414.0	-2252.0
1129	-94	-191	I8	-142.5	1370.0	-1058.9	-94.0	-2252.0
1130	571	-530	I8	20.5	1263.1	-1064.8	-94.0	-2252.0
1131	1943	-2133	I8	-95.0	1244.3	-1126.8	-94.0	-2252.0
1132	1971	-2498	I8	-263.5	1347.5	-1315.9	-94.0	-2498.0
1133	648	-1336	I8	-344.0	1207.5	-1304.5	-94.0	-2498.0
1134	28	-349	I8	-160.5	1033.0	-1195.0	-94.0	-2498.0
1135	1165	-1441	I8	-138.0	1108.1	-1322.9	-94.0	-2498.0
1136	2102	-2845	I8	-371.5	1170.9	-1515.3	-94.0	-2845.0
1137	1496	-2285	I8	-394.5	1104.5	-1518.6	-94.0	-2845.0
1138	196	-895	I8	-349.5	1002.6	-1450.3	-94.0	-2845.0
1139	520	-590	I8	-35.0	1064.0	-1490.2	-94.0	-2845.0
1140	1788	-2043	I8	-127.5	1185.7	-1641.5	-94.0	-2845.0
1141	2082	-2739	I8	-328.5	1199.6	-1702.1	-94.0	-2845.0
1142	845	-1710	I8	-432.5	1087.0	-1623.3	-94.0	-2845.0
1143	-146	-339	I8	-242.5	1007.6	-1523.6	-146.0	-2845.0
1144	703	-977	I8	-137.0	1075.1	-1586.4	-146.0	-2845.0
1145	1908	-2413	I8	-252.5	1149.4	-1683.6	-146.0	-2845.0
1146	1669	-2250	I8	-290.5	1106.1	-1624.1	-146.0	-2845.0
1147	388	-927	I8	-269.5	995.3	-1488.3	-146.0	-2845.0
1148	221	-239	I8	-9.0	997.8	-1422.7	-146.0	-2845.0
1149	1428	-1618	I8	-95.0	1088.6	-1525.5	-146.0	-2845.0
1150	2049	-2803	I8	-377.0	1114.7	-1601.5	-146.0	-2845.0
1151	1154	-2039	I8	-442.5	1021.9	-1531.5	-146.0	-2845.0
1152	-51	-643	I8	-347.0	932.3	-1424.8	-146.0	-2845.0
1153	579	-909	I8	-165.0	1004.8	-1481.8	-146.0	-2845.0
1154	1910	-2410	I8	-250.0	1125.5	-1625.1	-146.0	-2845.0
1155	1954	-2722	I8	-384.0	1130.1	-1656.0	-146.0	-2845.0
1156	643	-1502	I8	-429.5	1027.5	-1581.2	-146.0	-2803.0
1157	-13	-438	I8	-225.5	987.4	-1532.3	-146.0	-2803.0
1158	1097	-1474	I8	-188.5	1075.0	-1655.8	-146.0	-2803.0
1159	2067	-2880	I8	-406.5	1138.9	-1782.0	-146.0	-2880.0
1160	1522	-2326	I8	-402.0	1086.2	-1734.3	-146.0	-2880.0
1161	211	-900	I8	-344.5	991.9	-1620.4	-146.0	-2880.0
1162	446	-524	I8	-39.0	1041.6	-1608.5	-146.0	-2880.0
1163	1744	-2003	I8	-129.5	1158.1	-1717.9	-51.0	-2880.0
1164	2090	-2771	I8	-340.5	1176.1	-1754.0	-51.0	-2880.0
1165	899	-1743	I8	-422.0	1070.6	-1656.1	-51.0	-2880.0
1166	-146	-347	I8	-246.5	991.7	-1540.6	-146.0	-2880.0
1167	678	-931	I8	-126.5	1060.8	-1589.9	-146.0	-2880.0
1168	1901	-2367	I8	-233.0	1141.2	-1679.2	-146.0	-2880.0
1169	1713	-2246	I8	-266.5	1105.8	-1615.8	-146.0	-2880.0
1170	399	-916	I8	-258.5	993.5	-1474.8	-146.0	-2880.0
1171	175	-200	I8	-12.5	989.9	-1404.8	-146.0	-2880.0
1172	1369	-1527	I8	-79.0	1082.2	-1505.1	-146.0	-2880.0
1173	2030	-2746	I8	-358.0	1110.8	-1579.4	-146.0	-2880.0
1174	1174	-2020	I8	-423.0	1019.2	-1504.3	-146.0	-2880.0
1175	-47	-643	I8	-345.0	924.6	-1394.3	-146.0	-2880.0
1176	536	-820	I8	-142.0	992.8	-1441.6	-146.0	-2880.0
1177	1856	-2308	I8	-226.0	1110.6	-1579.3	-146.0	-2880.0
1178	1934	-2699	I8	-382.5	1113.9	-1612.5	-146.0	-2880.0
1179	621	-1526	I8	-452.5	1004.7	-1540.5	-146.0	-2771.0
1180	-90	-433	I8	-261.5	955.8	-1492.2	-146.0	-2771.0
1181	995	-1396	I8	-200.5	1037.8	-1611.8	-146.0	-2771.0
1182	2011	-2824	I8	-406.5	1102.0	-1741.5	-146.0	-2824.0
1183	1498	-2317	I8	-409.5	1048.8	-1698.6	-146.0	-2824.0
1184	201	-902	I8	-350.5	951.5	-1586.8	-146.0	-2824.0
1185	377	-468	I8	-45.5	993.9	-1569.3	-146.0	-2824.0
1186	1679	-1944	I8	-132.5	1108.2	-1681.7	-90.0	-2824.0
1187	2078	-2797	I8	-359.5	1130.4	-1730.6	-90.0	-2824.0
1188	933	-1801	I8	-434.0	1030.3	-1640.8	-90.0	-2824.0
1189	-175	-405	I8	-290.0	950.7	-1528.7	-175.0	-2824.0
1190	641	-922	I8	-140.5	1023.8	-1577.6	-175.0	-2824.0
1191	1849	-2370	I8	-260.5	1109.2	-1675.0	-175.0	-2824.0
1192	1702	-2330	I8	-314.0	1078.3	-1625.6	-175.0	-2824.0
1193	440	-1036	I8	-298.0	972.5	-1497.5	-175.0	-2824.0
1194	117	-269	I8	-76.0	964.1	-1434.2	-175.0	-2824.0
1195	1249	-1515	I8	-133.0	1051.3	-1538.9	-175.0	-2824.0
1196	1958	-2744	I8	-393.0	1079.2	-1618.9	-175.0	-2824.0
1197	1204	-2080	I8	-438.0	991.8	-1547.2	-175.0	-2824.0
1198	-4	-715	I8	-359.5	898.1	-1438.6	-175.0	-2824.0
1199	550	-760	I8	-105.0	970.6	-1474.1	-175.0	-2824.0
1200	1863	-2247	I8	-192.0	1092.8	-1606.6	-175.0	-2824.0
1201	1998	-2718	I8	-360.0	1107.7	-1641.4	-175.0	-2824.0
1202	707	-1554	I8	-423.5	1008.2	-1563.8	-175.0	-2797.0
1203	-83	-392	I8	-237.5	955.9	-1499.4	-175.0	-2797.0
1204	979	-1284	I8	-152.5	1042.1	-1600.9	-175.0	-2797.0
1205	2085	-2753	I8	-334.0	1125.7	-1724.7	-175.0	-2797.0
1206	1634	-2341	I8	-353.5	1093.3	-1684.4	-175.0	-2797.0
1207	310	-908	I8	-299.0	1003.9	-1567.2	-175.0	-2753.0
1208	389	-408	I8	-9.5	1043.2	-1536.5	-175.0	-2753.0
1209	1674	-1880	I8	-103.0	1155.6	-1648.5	-83.0	-2753.0
1210	2115	-2806	I8	-345.5	1180.8	-1704.4	-83.0	-2806.0
1211	1035	-1853	I8	-409.0	1084.5	-1617.9	-83.0	-2806.0
1212	-118	-457	I8	-287.5	1002.0	-1508.2	-118.0	-2806.0
1213	635	-903	I8	-134.0	1073.8	-1559.3	-118.0	-2806.0
1214	1866	-2347	I8	-240.5	1162.5	-1665.6	-118.0	-2806.0
1215	1782	-2391	I8	-304.5	1132.2	-1629.4	-118.0	-2806.0
1216	520	-1131	I8	-305.5	1020.8	-1508.4	-118.0	-2806.0
1217	94	-304	I8	-105.0	999.2	-1448.0	-118.0	-2806.0
1218	1213	-1497	I8	-142.0	1081.6	-1556.9	-118.0	-2806.0
1219	1984	-2768	I8	-392.0	1112.6	-1645.7	-118.0	-2806.0
1220	1281	-2139	I8	-429.0	1029.2	-1579.0	-118.0	-2806.0
1221	42	-767	I8	-362.5	929.9	-1470.4	-118.0	-2806.0
1222	509	-686	I8	-88.5	992.6	-1493.3	-118.0	-2806.0
1223	1832	-2172	I8	-170.0	1112.3	-1620.2	-118.0	-2806.0
1224	2015	-2732	I8	-358.5	1127.2	-1658.7	-118.0	-2806.0
1225	725	-1599	I8	-437.0	1021.5	-1579.5	-118.0	-2806.0
1226	-121	-358	I8	-239.5	957.4	-1502.2	-121.0	-2806.0
1227	875	-1149	I8	-137.0	1035.5	-1586.7	-121.0	-2806.0
1228	2031	-2592	I8	-280.5	1117.3	-1696.2	-121.0	-2806.0
1229	1671	-2271	I8	-300.0	1086.0	-1646.5	-121.0	-2806.0
1230	366	-882	I8	-258.0	994.5	-1520.8	-121.0	-2768.0
1231	336	-324	I8	6.0	1023.9	-1476.5	-121.0	-2768.0
1232	1613	-1767	I8	-77.0	1134.3	-1584.6	-121.0	-2768.0
1233	2102	-2789	I8	-343.5	1161.3	-1646.3	-121.0	-2789.0
1234	1089	-1908	I8	-409.5	1068.7	-1563.9	-121.0	-2789.0
1235	-78	-519	I8	-298.5	988.4	-1455.9	-121.0	-2789.0
1236	631	-913	I8	-141.0	1063.6	-1511.4	-121.0	-2789.0
1237	1910	-2402	I8	-246.0	1167.1	-1636.7	-121.0	-2789.0
1238	1875	-2543	I8	-334.0	1151.5	-1631.8	-121.0	-2789.0
1239	566	-1272	I8	-353.0	1041.0	-1531.9	-121.0	-2789.0
1240	52	-359	I8	-153.5	1009.6	-1479.6	-121.0	-2789.0
1241	1193	-1503	I8	-155.0	1095.3	-1597.5	-121.0	-2789.0
1242	2041	-2829	I8	-394.0	1138.1	-1703.7	-121.0	-2829.0
1243	1386	-2216	I8	-415.0	1066.5	-1646.4	-121.0	-2829.0
1244	108	-813	I8	-352.5	968.4	-1536.9	-121.0	-2829.0
1245	515	-589	I8	-37.0	1027.7	-1543.9	-121.0	-2829.0
1246	1799	-2046	I8	-123.5	1144.5	-1657.2	-78.0	-2829.0
1247	2027	-2675	I8	-324.0	1156.2	-1684.5	-78.0	-2829.0
1248	753	-1606	I8	-426.5	1044.0	-1590.8	-78.0	-2829.0
1249	-170	-315	I8	-242.5	970.4	-1495.1	-170.0	-2829.0
1250	764	-1028	I8	-132.0	1041.6	-1562.0	-170.0	-2829.0
1251	1952	-2457	I8	-252.5	1117.5	-1657.4	-170.0	-2829.0
1252	1662	-2228	I8	-283.0	1079.6	-1597.3	-170.0	-2829.0
1253	377	-886	I8	-254.5	978.7	-1464.3	-170.0	-2829.0
1254	277	-275	I8	1.0	995.6	-1410.5	-170.0	-2829.0
1255	1489	-1691	I8	-101.0	1093.0	-1520.7	-170.0	-2829.0
1256	2054	-2741	I8	-343.5	1118.5	-1590.2	-170.0	-2829.0
1257	1120	-1808	I8	-344.0	1027.8	-1503.5	-170.0	-2829.0
1258	-42	-379	I8	-210.5	948.3	-1380.8	-170.0	-2829.0
1259	638	-575	I8	31.5	1029.1	-1406.8	-170.0	-2829.0
1260	1885	-1701	I8	92.0	1141.2	-1474.1	-170.0	-2829.0
1261	1905	-1539	I8	183.0	1136.5	-1382.3	-170.0	-2829.0
1262	622	-94	I8	264.0	1032.5	-1168.9	-170.0	-2741.0
1265	2144	-942	I8	601.0	1209.2	-1174.5	-170.0	-2741.0
1270	2222	-175	I8	1023.5	1403.7	-1164.5	-170.0	-2741.0
1279	2110	-110	I8	1000.0	1465.8	-1006.4	-170.0	-2741.0
1288	2093	-123	I8	985.0	1469.7	-744.6	-170.0	-2741.0
1297	2094	-175	I8	959.5	1567.1	-581.3	-170.0	-2741.0
1302	2152	-518	I8	817.0	1786.5	-595.2	-170.0	-2741.0
1306	2080	-880	I8	600.0	1930.7	-625.7	-42.0	-2741.0
1307	1664	-897	I8	383.5	1908.6	-545.3	-42.0	-2741.0
1310	1591	-809	I8	391.0	1877.2	-472.3	-42.0	-2741.0
1311	2162	-2041	I8	60.5	2031.2	-667.0	-42.0	-2741.0
1312	1066	-1260	I8	-97.0	1923.4	-698.8	-42.0	-2741.0
1314	615	-375	I8	120.0	1762.7	-718.8	-42.0	-2741.0
1315	1962	-2026	I8	-32.0	1747.9	-910.4	-42.0	-2741.0
1316	1860	-2210	I8	-175.0	1724.6	-1119.1	-42.0	-2210.0
1317	508	-976	I8	-234.0	1566.0	-1199.2	-42.0	-2210.0
1318	86	-155	I8	-34.5	1359.4	-1162.9	86.0	-2210.0
1319	1256	-1424	I8	-84.0	1277.0	-1217.3	86.0	-2210.0
1320	2035	-2736	I8	-350.5	1314.1	-1401.2	86.0	-2736.0
1321	1247	-2095	I8	-424.0	1279.7	-1529.8	86.0	-2736.0
1322	-27	-696	I8	-361.5	1060.8	-1395.3	-27.0	-2736.0
1323	499	-709	I8	-105.0	1004.1	-1340.2	-27.0	-2736.0
1324	1830	-2206	I8	-188.0	1125.6	-1523.3	-27.0	-2736.0
1325	2000	-2722	I8	-361.0	1129.4	-1592.9	-27.0	-2736.0
1326	684	-1606	I8	-461.0	1011.8	-1532.5	-27.0	-2736.0
1327	-109	-409	I8	-259.0	950.1	-1475.8	-109.0	-2736.0
1328	875	-1253	I8	-189.0	1029.0	-1585.6	-109.0	-2736.0
1329	1973	-2659	I8	-343.0	1100.7	-1709.1	-109.0	-2736.0
1330	1587	-2284	I8	-348.5	1055.9	-1663.9	-109.0	-2736.0
1331	320	-924	I8	-302.0	963.2	-1546.8	-109.0	-2736.0
1332	349	-432	I8	-41.5	1000.8	-1520.4	-109.0	-2736.0
1333	1603	-1855	I8	-126.0	1111.2	-1635.0	-109.0	-2736.0
1334	2051	-2806	I8	-377.5	1133.3	-1695.0	-109.0	-2806.0
1335	1024	-1917	I8	-446.5	1035.7	-1614.5	-109.0	-2806.0
1336	-103	-532	I8	-317.5	957.0	-1507.1	-109.0	-2806.0
1337	601	-924	I8	-161.5	1028.0	-1558.6	-109.0	-2806.0
1338	1849	-2353	I8	-252.0	1125.4	-1668.6	-109.0	-2806.0
1339	1824	-2461	I8	-318.5	1110.5	-1648.8	-109.0	-2806.0
1340	555	-1231	I8	-338.0	1007.3	-1543.5	-109.0	-2806.0
1341	78	-348	I8	-135.0	983.1	-1485.9	-109.0	-2806.0
1342	1229	-1491	I8	-131.0	1071.1	-1591.8	-109.0	-2806.0
1343	2038	-2776	I8	-369.0	1114.6	-1683.9	-109.0	-2806.0
1344	1377	-2171	I8	-397.0	1047.2	-1620.4	-109.0	-2806.0
1345	136	-779	I8	-321.5	958.4	-1506.6	-109.0	-2806.0
1346	541	-586	I8	-22.5	1022.8	-1512.0	-109.0	-2806.0
1347	1820	-2050	I8	-115.0	1144.7	-1624.6	-103.0	-2806.0
1348	2055	-2679	I8	-312.0	1165.3	-1657.2	-103.0	-2806.0
1349	804	-1612	I8	-404.0	1063.3	-1572.3	-103.0	-2806.0
1350	-113	-311	I8	-212.0	996.5	-1480.3	-113.0	-2806.0
1351	818	-1005	I8	-93.5	1070.5	-1546.0	-113.0	-2806.0
1352	1997	-2419	I8	-211.0	1147.3	-1638.8	-113.0	-2806.0
1353	1722	-2201	I8	-239.5	1115.7	-1581.3	-113.0	-2806.0
1354	450	-876	I8	-213.0	1023.0	-1451.8	-113.0	-2776.0
1355	336	-270	I8	33.0	1043.0	-1400.9	-113.0	-2776.0
1356	1528	-1654	I8	-63.0	1141.7	-1507.7	-113.0	-2776.0
1357	2106	-2784	I8	-339.0	1170.3	-1581.1	-113.0	-2784.0
1358	1196	-2002	I8	-403.0	1084.4	-1513.4	-113.0	-2784.0
1359	-1	-626	I8	-313.5	1003.9	-1414.8	-113.0	-2784.0
1360	661	-930	I8	-134.5	1081.3	-1476.7	-113.0	-2784.0
1361	1955	-2410	I8	-227.5	1195.0	-1617.2	-113.0	-2784.0
1362	1967	-2684	I8	-358.5	1192.0	-1643.7	-113.0	-2784.0
1363	666	-1446	I8	-390.0	1086.4	-1568.2	-113.0	-2784.0
1364	48	-433	I8	-192.5	1046.2	-1523.9	-113.0	-2784.0
1365	1155	-1486	I8	-165.5	1128.1	-1645.5	-113.0	-2784.0
1366	2104	-2893	I8	-394.5	1185.7	-1769.4	-113.0	-2893.0
1367	1522	-2319	I8	-398.5	1127.3	-1722.9	-113.0	-2893.0
1368	238	-891	I8	-326.5	1031.5	-1611.8	-113.0	-2893.0
1369	500	-551	I8	-25.5	1081.6	-1604.3	-113.0	-2893.0
1370	1765	-2014	I8	-124.5	1192.0	-1712.7	-1.0	-2893.0
1371	2071	-2749	I8	-339.0	1203.6	-1746.6	-1.0	-2893.0
1372	875	-1721	I8	-423.0	1094.4	-1650.3	-1.0	-2893.0
1373	-136	-338	I8	-237.0	1014.2	-1539.5	-136.0	-2893.0
1374	727	-940	I8	-106.5	1082.1	-1590.2	-136.0	-2893.0
1375	1946	-2378	I8	-216.0	1161.2	-1679.4	-136.0	-2893.0
1376	1741	-2234	I8	-246.5	1124.9	-1613.5	-136.0	-2893.0
1377	449	-903	I8	-227.0	1017.6	-1471.9	-136.0	-2893.0
1378	226	-212	I8	7.0	1016.4	-1404.0	-136.0	-2893.0
1379	1447	-1558	I8	-55.5	1111.1	-1504.7	-136.0	-2893.0
1380	2092	-2765	I8	-336.5	1143.8	-1579.8	-136.0	-2893.0
1381	1234	-2013	I8	-389.5	1060.1	-1506.2	-136.0	-2893.0
1382	-13	-610	I8	-311.5	971.3	-1395.1	-136.0	-2893.0
1383	599	-835	I8	-118.0	1044.8	-1444.8	-136.0	-2893.0
1384	1906	-2324	I8	-209.0	1162.7	-1583.2	-136.0	-2893.0
1385	1962	-2692	I8	-365.0	1164.3	-1614.6	-136.0	-2893.0
1386	664	-1507	I8	-421.5	1056.6	-1541.9	-136.0	-2765.0
1387	-16	-426	I8	-221.0	1010.1	-1494.2	-136.0	-2765.0
1388	1044	-1387	I8	-171.5	1091.9	-1611.7	-136.0	-2765.0
1389	2034	-2788	I8	-377.0	1150.6	-1734.7	-136.0	-2788.0
1390	1525	-2283	I8	-379.0	1093.9	-1686.5	-136.0	-2788.0
1391	266	-913	I8	-323.5	997.1	-1576.5	-136.0	-2788.0
1392	452	-514	I8	-31.0	1043.6	-1566.9	-136.0	-2788.0
1393	1689	-1944	I8	-127.5	1152.6	-1677.8	-16.0	-2788.0
1394	2070	-2775	I8	-352.5	1169.0	-1722.9	-16.0	-2788.0
1395	955	-1819	I8	-432.0	1068.3	-1635.6	-16.0	-2788.0
1396	-136	-436	I8	-286.0	988.3	-1528.5	-136.0	-2788.0
1397	658	-952	I8	-147.0	1055.7	-1581.1	-136.0	-2788.0
1398	1883	-2399	I8	-258.0	1139.6	-1682.3	-136.0	-2788.0
1399	1747	-2366	I8	-309.5	1110.9	-1640.1	-136.0	-2788.0
1400	461	-1062	I8	-300.5	1004.5	-1518.0	-136.0	-2788.0
1401	103	-273	I8	-85.0	988.2	-1454.0	-136.0	-2788.0
1402	1278	-1524	I8	-123.0	1070.8	-1555.0	-136.0	-2788.0
1403	2015	-2771	I8	-378.0	1103.4	-1637.7	-136.0	-2788.0
1404	1247	-2113	I8	-433.0	1021.1	-1571.5	-136.0	-2788.0
1405	8	-726	I8	-359.0	926.4	-1462.2	-136.0	-2788.0
1406	562	-778	I8	-108.0	996.2	-1496.4	-136.0	-2788.0
1407	1868	-2263	I8	-197.5	1117.2	-1627.5	-136.0	-2788.0
1408	1999	-2736	I8	-368.5	1128.8	-1661.2	-136.0	-2788.0
1409	701	-1589	I8	-444.0	1024.2	-1583.5	-136.0	-2775.0
1410	-59	-425	I8	-242.0	972.2	-1519.8	-136.0	-2775.0
1411	962	-1289	I8	-163.5	1058.1	-1621.4	-136.0	-2775.0
1412	2046	-2735	I8	-344.5	1134.9	-1742.5	-136.0	-2775.0
1413	1631	-2344	I8	-356.5	1096.5	-1699.8	-136.0	-2775.0
1414	332	-942	I8	-305.0	1005.0	-1582.7	-136.0	-2771.0
1415	396	-426	I8	-15.0	1043.8	-1552.7	-136.0	-2771.0
1416	1647	-1869	I8	-111.0	1152.3	-1661.8	-59.0	-2771.0
1417	2101	-2805	I8	-352.0	1175.6	-1716.0	-59.0	-2805.0
1418	1050	-1880	I8	-415.0	1080.7	-1630.4	-59.0	-2805.0
1419	-79	-477	I8	-278.0	1002.7	-1519.2	-79.0	-2805.0
1420	648	-876	I8	-114.0	1073.4	-1564.3	-79.0	-2805.0
1421	1885	-2098	I8	-106.5	1165.7	-1645.2	-79.0	-2805.0
1422	1813	-1828	I8	-7.5	1142.4	-1554.5	-79.0	-2805.0
1423	527	-385	I8	71.0	1032.0	-1358.6	-79.0	-2805.0
1425	1259	-475	I8	392.0	1124.7	-1311.9	-79.0	-2805.0
1426	2049	-1335	I8	357.0	1290.0	-1402.8	-79.0	-2805.0
1427	1330	-348	I8	491.0	1258.3	-1250.7	-79.0	-2805.0
1431	2104	-211	I8	946.5	1258.6	-991.3	-79.0	-2805.0
1440	2112	-155	I8	978.5	1364.8	-818.8	-79.0	-2805.0
1458	2092	-140	I8	976.0	1581.9	-785.1	-79.0	-2805.0
1463	2138	-103	I8	1017.5	1730.9	-707.8	-79.0	-2805.0
1472	2085	-102	I8	991.5	1750.9	-508.2	-79.0	-2805.0
1481	2083	-181	I8	951.0	1777.9	-343.5	-79.0	-2805.0
1495	2088	-148	I8	970.0	1934.0	-319.8	-79.0	-2805.0
1504	2054	-138	I8	958.0	2013.5	-286.1	-79.0	-2805.0
1513	2123	-161	I8	981.0	2020.9	-168.7	-79.0	-2805.0
1518	2145	-180	I8	982.5	2102.4	-151.9	-79.0	-2805.0
1527	2102	-159	I8	971.5	2102.2	-146.7	-79.0	-2098.0
1536	2019	-144	I8	937.5	2092.9	-145.6	-79.0	-2098.0
1550	2146	-137	I8	1004.5	2098.3	-145.3	527.0	-2098.0
